41
197
34
40
269
289
138
63
187
209
35
110
286
132
196
176
160
287
102
81
261
114
122
153
292
97
96
131
188
50
92
306
281
198
294
67
152
154
25
129
38
186
137
93
33
254
21
151
218
253
32
239
217
312
192
259
218
291
124
148
31
200
140
267
288
181
220
122
49
283
41
180
140
114
115
230
201
231
138
83
99
23
144
109
171
185
241
131
71
163
249
309
56
298
182
118
53
192
249
161
108
245
229
48
24
165
117
101
173
21
296
80
149
172
285
159
2
138
57
132
46
60
26
51
305
197
30
139
251
82
260
205
246
304
106
280
237
266
52
312
22
2
33
303
140
89
79
308
281
3
122
61
101
115
33
188
270
146
177
80
85
59
219
62
128
183
190
261
137
95
211
281
239
310
186
81
258
204
138
229
91
9
53
109
273
218
285
8
172
152
263
88
78
118
167
216
135
2
133
64
134
56
35
126
125
209
139
56
118
63
239
298
174
164
184
257
45
10
258
168
283
12
19
53
203
0
228
3
105
266
308
161
59
8
289
67
312
312
268
7
53
239
235
47
83
206
285
208
256
171
137
114
17
210
168
281
217
161
290
83
259
297
219
156
146
183
242
66
256
29
92
126
172
134
35
2
80
305
213
94
221
198
171
24
135
43
277
190
242
205
313
241
267
132
67
62
74
264
206
179
131
144
163
27
5
160
284
169
196
62
220
105
298
288
74
138
214
166
307
244
184
112
21
34
193
200
147
256
251
40
233
217
170
219
159
46
131
196
116
293
218
100
0
208
282
98
257
155
218
36
286
28
21
262
166
49
201
62
199
271
180
290
148
71
74
239
147
294
243
179
9
215
20
174
271
123
64
302
278
158
202
140
3
146
122
160
17
4
179
309
39
44
117
314
178
35
242
262
273
302
133
140
188
148
182
125
267
290
233
67
77
4
287
105
283
34
313
47
146
6
133
27
180
188
45
116
302
142
212
101
149
25
287
170
48
104
95
190
235
278
181
245
311
257
40
265
140
149
175
204
299
235
116
274
293
157
46
101
268
228
226
284
73
114
14
157
280
132
190
36
190
32
40
155
126
302
73
78
234
69
7
76
270
22
282
299
105
112
274
113
223
170
287
157
123
26
272
31
115
80
4
70
217
241
305
166
31
216
111
32
48
100
180
119
263
28
215
61
77
284
30
73
58
253
175
92
137
255
228
139
98
160
142
119
177
68
8
82
271
170
285
63
78
294
190
240
241
39
235
226
87
55
238
310
81
221
51
222
21
127
42
276
244
66
296
107
7
32
117
111
245
101
168
189
289
155
259
112
246
245
83
267
119
124
39
277
37
194
167
128
87
278
281
295
302
168
265
23
18
92
129
211
61
15
39
185
71
230
51
119
85
283
225
73
229
21
223
134
62
74
201
103
96
190
32
153
131
300
238
261
10
285
227
122
206
7
264
233
177
173
261
73
275
178
245
227
218
295
72
127
77
140
254
206
195
28
20
190
282
69
160
25
138
99
66
280
309
233
20
254
167
45
64
211
153
49
150
133
312
12
224
261
46
127
167
246
299
55
93
194
126
92
55
178
23
52
309
246
82
9
150
283
307
304
310
201
63
85
302
222
159
188
116
298
36
158
190
121
84
285
194
27
59
123
31
89
3
97
120
5
250
279
303
82
308
222
39
103
136
224
233
50
125
47
221
93
194
142
14
125
254
194
30
270
250
308
283
150
151
288
27
217
62
202
220
153
291
93
248
62
260
194
155
210
28
123
147
198
108
37
44
3
9
271
13
2
293
245
116
183
29
98
286
60
74
243
10
105
118
292
126
308
80
96
65
108
88
114
199
313
78
209
127
196
219
150
8
281
211
235
195
131
184
46
314
65
9
32
200
273
77
11
213
187
266
116
28
174
274
90
151
202
160
168
185
286
246
161
259
9
66
37
311
283
7
95
225
186
275
201
135
121
192
91
160
75
307
214
183
273
311
222
148
17
183
99
238
254
158
81
148
99
32
118
19
88
220
290
213
163
110
215
176
144
248
211
33
134
97
96
139
63
22
108
119
15
47
308
51
154
98
99
108
254
31
78
210
16
44
107
240
113
83
234
122
268
137
110
276
249
223
196
179
193
255
69
52
204
58
210
111
119
312
150
300
255
60
204
287
308
47
64
20
235
229
204
190
205
121
241
160
104
100
68
78
158
37
177
31
24
283
243
26
40
148
258
28
299
208
270
31
310
239
126
308
187
8
120
38
35
226
194
300
78
159
283
276
155
36
279
207
268
219
304
126
215
6
201
271
6
1
107
276
119
80
16
36
7
231
79
14
255
262
263
114
1
300
262
73
126
81
298
183
247
92
52
171
67
31
170
174
34
304
246
5
188
71
172
109
145
218
248
246
167
91
189
59
83
152
94
65
107
69
234
283
278
198
156
19
53
136
91
217
173
188
52
201
122
122
145
252
163
302
252
3
110
312
110
33
9
82
288
22
225
280
165
257
117
286
127
233
52
313
306
41
290
39
230
28
229
265
230
265
27
277
80
200
162
311
254
18
151
209
171
83
39
133
258
270
260
181
160
180
53
4
285
275
14
27
297
301
284
264
144
15
108
0
158
245
200
207
271
67
18
108
76
159
129
91
104
235
300
107
239
272
103
314
205
93
13
66
155
17
103
302
4
111
201
46
12
264
150
194
234
313
166
51
129
229
210
25
25
151
265
40
89
39
31
198
9
279
60
165
123
154
246
302
13
268
201
123
211
160
27
219
274
40
242
87
191
60
94
244
104
97
220
50
159
42
46
292
32
157
24
90
270
189
75
278
124
276
67
17
129
198
242
312
297
153
5
18
213
104
289
164
191
224
13
275
31
291
115
27
52
52
182
1
104
297
296
13
77
36
171
233
173
123
27
283
286
85
241
52
231
275
105
229
186
147
219
303
289
242
303
198
256
66
223
133
167
131
121
302
287
118
2
68
190
58
255
313
297
298
208
136
30
243
221
25
114
167
194
119
51
60
107
73
263
49
272
182
150
16
92
137
17
255
72
189
121
210
3
32
148
49
215
9
122
72
125
147
33
51
37
95
83
296
53
283
95
268
181
222
105
62
198
164
171
243
38
62
295
228
306
122
70
264
13
108
141
233
311
17
118
274
220
65
260
26
126
273
170
100
218
108
197
148
215
151
160
280
259
182
157
167
83
57
29
59
59
308
117
307
107
85
278
114
32
248
244
280
66
189
35
282
93
73
6
219
283
281
110
9
225
182
194
140
213
16
99
190
257
269
160
293
183
247
208
217
126
300
84
265
312
265
259
40
220
126
162
295
4
158
204
101
142
73
33
45
77
281
91
260
282
33
134
258
29
159
299
9
252
300
233
247
128
177
233
250
162
21
104
177
11
119
96
31
290
293
303
171
87
252
221
229
198
27
1
25
140
194
79
291
270
63
257
212
139
310
52
311
165
241
297
49
58
258
135
11
85
51
151
243
98
34
173
172
150
147
104
141
160
158
106
33
109
129
130
258
63
187
218
4
269
88
15
166
303
102
133
296
276
254
66
77
57
139
306
204
41
34
232
271
138
271
50
174
82
165
222
236
46
37
41
127
260
188
204
255
32
230
290
308
126
293
288
183
280
201
132
240
170
50
259
180
164
183
5
164
272
232
27
76
302
172
157
310
1
301
297
90
179
21
238
166
232
268
196
226
244
264
182
261
296
305
138
4
135
273
122
163
218
151
66
102
170
22
56
247
71
286
136
191
200
197
34
48
0
36
199
249
113
104
118
307
240
68
223
278
2
22
15
81
163
150
311
76
24
65
218
46
178
61
250
173
239
290
98
236
192
179
155
58
140
242
9
216
222
246
286
57
115
291
300
242
107
209
185
170
311
208
268
196
118
253
1
81
211
246
2
150
69
94
298
184
29
314
313
197
235
246
219
33
266
98
127
83
135
79
130
311
299
135
235
1
63
10
100
3
115
71
22
197
214
191
17
265
187
39
286
222
31
188
283
40
22
126
279
77
91
208
42
198
275
227
212
113
283
110
59
147
31
178
204
277
51
18
27
51
157
152
230
43
54
279
195
295
296
184
46
147
231
191
193
228
305
15
63
306
168
178
101
126
109
103
30
31
18
154
188
289
193
216
205
110
219
160
60
165
156
185
55
291
238
14
21
247
192
30
45
130
142
205
227
290
261
87
17
113
0
300
106
238
308
180
41
314
203
197
60
25
47
90
77
275
191
46
278
196
158
280
181
160
64
277
181
115
177
158
112
21
282
257
113
188
278
92
264
10
60
185
159
19
160
263
275
244
259
125
221
76
176
187
248
93
214
237
112
108
238
80
64
273
274
193
299
177
279
44
230
200
257
19
67
71
126
218
240
119
50
143
140
291
305
241
120
23
279
15
253
209
281
32
290
177
106
53
198
20
249
243
300
77
65
291
205
152
312
149
299
226
197
83
80
52
43
18
39
127
58
238
284
136
233
260
44
101
287
172
67
241
203
6
313
161
100
96
135
25
180
46
217
312
171
20
180
243
233
159
37
33
54
42
262
305
78
144
240
154
159
34
213
175
233
304
166
125
123
188
119
150
261
262
150
220
111
80
14
248
228
100
207
79
210
229
18
277
219
105
282
213
75
119
111
186
201
309
145
32
259
126
192
114
179
309
13
192
281
185
178
137
73
304
102
27
231
81
115
310
166
288
282
246
170
70
237
79
39
214
15
1
116
201
139
225
294
77
126
219
37
305
89
88
218
53
286
73
230
236
209
120
154
23
138
293
14
220
216
68
76
287
213
258
296
144
158
236
78
168
264
68
104
182
202
27
256
292
156
141
67
143
60
136
190
247
115
146
195
32
42
115
99
245
14
143
247
65
201
295
53
3
251
210
17
295
92
274
147
148
127
262
7
279
138
216
18
123
261
310
131
8
137
266
270
191
37
44
100
161
286
310
169
36
28
238
15
205
34
287
276
88
53
200
72
259
30
314
108
120
52
133
263
95
23
25
223
12
16
81
90
98
221
263
147
147
208
164
102
238
90
237
133
12
200
150
53
76
47
144
74
193
18
262
172
1
272
224
280
285
98
159
195
216
185
228
99
12
258
67
44
114
64
52
259
249
265
39
134
134
258
125
218
22
108
200
121
132
266
199
223
103
173
262
164
18
128
32
218
303
4
85
12
310
176
42
296
230
42
211
266
278
180
125
298
23
49
135
162
48
87
2
227
205
240
122
138
11
86
223
137
217
2
153
242
94
65
309
2
104
16
113
150
113
46
99
157
45
272
19
107
10
228
71
220
150
32
201
36
159
168
145
228
262
268
265
114
78
117
73
136
100
132
257
207
281
153
70
22
25
38
211
158
36
294
290
226
206
5
71
145
199
237
193
270
103
231
175
26
12
121
192
279
219
94
248
305
215
256
148
205
295
243
204
282
223
295
8
20
86
59
37
223
246
261
186
143
110
63
56
135
32
306
65
82
213
313
125
85
96
196
199
159
313
308
183
207
128
18
212
93
225
176
149
98
182
253
44
128
99
307
124
61
39
5
83
249
236
29
278
183
156
199
181
24
250
27
106
53
9
256
83
68
188
99
237
302
283
24
70
256
284
25
72
118
29
204
94
265
191
118
264
93
89
249
107
40
38
229
20
26
204
298
141
267
225
285
186
195
291
61
11
4
312
238
295
80
65
101
30
41
93
302
22
307
279
100
92
202
15
253
31
99
178
173
40
160
75
5
303
151
310
0
12
203
249
161
310
106
269
211
217
175
304
30
196
126
265
225
15
272
250
133
28
302
122
273
140
232
142
187
9
12
236
203
306
175
209
28
39
125
244
189
115
97
45
127
257
228
275
213
122
77
313
303
282
140
289
141
258
112
9
261
73
299
33
136
241
268
102
155
109
151
295
86
197
252
178
210
54
76
17
57
133
179
109
19
191
128
73
28
282
119
247
46
71
64
48
300
197
289
211
305
290
251
152
39
70
222
53
301
174
163
187
143
159
244
304
178
205
233
200
247
184
44
254
73
308
310
105
29
18
110
277
15
97
287
282
239
74
300
69
181
306
130
14
305
67
43
36
203
186
184
232
271
314
59
153
12
208
238
66
282
233
0
109
143
85
179
274
36
293
222
58
39
242
309
39
135
117
34
98
196
103
97
102
256
179
86
126
239
223
68
231
233
211
314
240
62
257
250
111
120
248
128
242
113
148
181
264
255
26
151
127
61
304
186
153
140
294
152
132
259
241
106
314
73
6
215
3
172
50
270
163
282
202
231
313
128
281
246
155
108
217
51
114
58
284
97
172
246
313
42
205
289
257
97
129
55
90
223
87
304
257
83
265
116
146
179
22
174
33
124
174
151
247
146
172
225
224
191
17
38
285
228
135
1
314
186
187
219
42
282
310
71
158
252
4
226
178
40
144
116
123
162
261
308
59
255
138
67
89
276
272
312
27
28
115
77
248
280
132
48
191
114
246
107
74
145
311
17
144
254
281
203
109
150
85
242
310
306
276
79
233
237
9
46
45
82
94
24
266
48
14
31
263
148
187
170
83
164
294
251
292
91
118
151
227
266
52
33
161
296
276
240
148
44
281
210
4
177
112
69
20
181
266
132
98
268
189
113
26
163
109
201
308
167
30
52
190
147
16
132
120
291
222
256
12
60
4
253
266
157
285
182
221
212
145
53
241
105
60
165
130
65
275
147
288
206
184
79
101
134
198
150
133
144
304
257
119
84
59
36
0
291
158
118
40
23
251
239
49
17
15
9
84
188
146
134
76
33
164
191
126
8
301
63
225
65
129
131
180
3
162
112
61
263
9
7
12
238
294
228
215
115
21
48
279
302
112
304
238
180
288
73
203
273
86
271
185
69
22
134
307
112
101
175
82
182
187
77
125
298
96
290
259
273
139
121
244
255
307
219
135
303
307
157
39
242
32
279
200
223
81
13
78
134
121
15
122
206
171
299
103
33
164
146
79
140
182
143
205
287
7
172
192
135
62
295
50
258
56
4
225
50
161
190
72
188
282
92
309
286
146
99
105
283
143
216
310
68
48
130
160
101
135
207
240
141
95
114
85
111
169
73
279
100
196
232
17
167
176
47
209
112
73
261
10
95
92
56
63
159
22
144
201
75
134
150
221
206
83
271
93
298
126
230
165
43
194
103
28
29
143
189
108
94
299
36
119
172
117
252
120
297
148
37
153
83
128
198
140
312
98
228
86
133
105
6
52
285
258
166
300
145
68
294
60
93
305
59
183
15
105
203
70
125
258
54
253
25
33
11
77
191
300
162
162
276
21
240
220
26
232
207
153
3
198
215
191
43
277
56
4
164
22
23
215
301
239
178
191
236
151
268
203
302
274
24
184
193
195
309
59
117
47
122
270
121
241
209
65
282
170
174
128
291
232
198
7
0
61
185
38
175
226
155
139
216
18
141
95
68
65
278
303
262
48
187
126
149
296
279
286
268
22
311
215
145
213
72
205
45
93
232
263
304
81
187
195
231
231
291
215
178
129
289
190
203
309
118
237
137
230
194
276
170
249
135
5
182
176
287
93
77
157
243
163
253
244
31
150
88
133
38
15
212
299
259
313
98
66
47
241
196
311
124
158
246
111
25
259
6
73
7
286
129
146
211
47
16
83
37
161
232
252
264
314
287
256
178
57
174
193
158
181
231
237
10
139
198
175
114
259
219
274
64
234
4
25
218
307
306
277
39
173
241
274
35
87
263
103
124
162
121
84
103
167
192
109
173
182
113
178
302
291
264
263
87
69
204
169
108
155
36
33
227
183
100
274
85
303
94
289
229
179
13
129
238
90
138
118
66
22
163
208
264
93
275
246
105
26
56
83
121
138
62
197
257
283
182
83
276
121
109
131
105
66
308
188
50
207
181
196
176
100
298
161
50
124
173
181
220
88
224
285
259
255
92
119
194
6
292
242
240
22
111
253
43
159
306
204
48
260
220
60
122
314
206
295
117
277
244
112
6
7
198
116
275
265
207
176
157
221
21
120
313
267
276
101
128
251
310
183
206
39
204
111
226
302
298
18
51
221
248
167
28
244
172
264
20
15
243
202
31
309
282
111
267
240
236
161
179
219
74
219
236
56
195
235
266
125
117
65
150
7
14
215
11
78
90
228
52
50
137
95
117
53
195
34
289
43
15
38
125
310
79
162
257
264
304
47
90
214
237
3
167
97
68
231
64
127
308
220
49
58
202
148
135
233
208
121
12
152
29
54
256
259
233
276
162
80
117
207
265
150
30
88
220
67
92
254
54
148
3
213
81
109
214
120
229
157
209
69
72
204
157
275
13
147
218
239
220
252
223
182
167
220
232
57
226
206
147
100
256
277
299
255
8
40
27
139
277
140
176
245
258
218
17
253
185
187
112
151
152
13
28
155
206
144
64
9
170
269
61
269
57
119
220
166
66
102
183
128
267
277
176
174
121
285
270
214
40
301
58
191
84
291
302
61
223
59
101
134
97
70
55
100
205
290
108
153
241
279
68
51
225
101
10
86
230
264
82
168
216
219
305
278
219
151
290
250
164
173
31
76
150
135
111
268
261
222
76
187
313
24
74
295
306
170
222
303
286
97
255
187
132
44
211
122
187
49
276
195
36
124
270
176
239
136
307
264
171
62
6
14
112
125
53
57
64
181
145
245
88
121
106
127
269
278
155
127
34
173
314
67
234
292
52
240
28
124
141
292
274
36
176
81
204
174
253
176
119
217
154
73
107
110
293
227
220
231
306
144
203
152
196
128
302
155
246
138
199
234
158
304
61
141
288
269
263
177
34
24
191
124
68
19
309
244
295
172
286
256
257
107
250
46
138
80
177
250
242
134
267
59
36
33
29
114
153
256
52
223
129
276
97
158
91
75
63
145
294
37
216
136
9
36
146
269
110
39
176
221
142
260
128
196
141
235
126
106
274
75
57
126
53
134
54
5
212
2
106
140
231
307
179
61
255
18
237
86
136
173
79
119
110
10
91
80
305
161
70
28
298
177
191
146
60
136
22
60
170
250
307
25
125
271
66
295
219
224
14
65
47
111
46
69
80
197
202
