67
230
68
231
110
244
121
3
214
115
246
81
286
199
96
281
80
231
69
228
65
78
217
106
231
97
253
64
176
186
92
292
281
78
227
67
208
92
262
129
38
205
50
142
258
121
269
114
125
253
71
60
247
63
67
259
64
262
140
308
2
149
4
33
154
14
239
55
67
165
172
299
88
302
115
230
232
115
256
129
43
234
84
208
157
69
220
114
13
163
11
146
133
124
309
101
282
192
261
209
108
212
42
48
141
304
137
313
290
94
227
229
76
200
281
205
49
138
231
46
235
85
217
50
212
270
271
119
251
82
289
205
103
234
108
226
73
161
50
37
131
30
127
121
115
257
104
237
121
30
217
108
238
54
41
188
270
114
256
63
230
92
274
73
67
238
86
71
208
95
211
77
209
265
186
42
188
80
251
59
238
120
26
175
86
224
63
262
172
77
236
235
243
131
36
50
235
2
181
168
65
212
295
126
277
285
192
86
228
63
239
104
209
1
110
12
143
10
212
47
135
43
205
22
175
0
147
141
5
108
236
51
37
208
47
232
76
239
48
226
53
239
235
80
184
206
6
181
73
273
124
114
224
106
208
76
210
105
236
103
292
297
162
156
53
235
242
67
247
75
187
177
309
253
92
216
94
106
213
112
281
76
211
263
135
49
235
96
248
244
79
241
19
155
67
220
74
210
206
206
49
215
88
192
199
287
162
23
159
60
220
105
302
173
74
225
75
239
125
116
224
66
222
96
193
19
171
298
128
40
221
69
197
93
230
46
140
7
116
232
96
100
192
208
65
233
93
186
93
96
286
173
21
163
166
8
143
251
72
273
181
76
248
71
58
239
50
211
82
210
99
215
224
73
221
116
29
135
264
134
250
151
5
217
68
159
17
156
37
213
39
14
117
23
115
26
137
4
280
289
200
298
133
284
294
129
275
145
248
67
219
117
287
80
248
101
215
46
146
263
121
27
180
188
95
209
55
142
141
50
147
3
110
212
112
247
95
190
96
207
181
310
141
8
152
264
174
302
311
97
299
114
254
251
113
226
116
101
207
20
117
239
73
212
7
157
8
156
19
125
230
43
148
15
33
206
285
84
234
102
207
217
96
209
66
53
243
56
219
64
223
92
281
106
123
26
167
76
173
80
245
55
63
208
104
202
17
113
111
210
26
165
305
119
248
64
215
80
77
166
293
233
75
253
68
170
17
214
100
214
18
159
309
207
177
80
216
116
260
122
259
206
164
69
235
54
204
27
187
212
87
71
238
75
212
43
222
198
294
142
305
125
244
66
261
209
38
32
212
111
221
101
205
83
282
195
300
128
246
57
223
232
120
225
39
222
37
206
38
54
227
59
250
90
302
87
248
147
18
171
162
301
38
131
39
215
76
224
51
234
243
76
225
41
229
224
43
186
270
82
199
282
97
190
32
128
27
131
0
27
165
7
207
49
40
216
46
233
42
131
261
205
207
46
234
100
218
61
209
215
84
173
88
178
21
191
51
205
205
69
160
18
112
230
86
208
83
242
61
172
81
270
90
211
104
3
10
142
130
33
224
103
3
2
98
250
104
9
140
278
126
289
263
147
144
52
245
77
82
219
107
213
11
107
310
148
240
85
293
135
118
236
46
238
52
54
246
254
84
285
194
282
124
123
286
89
212
106
203
296
271
86
294
81
215
222
58
240
67
224
121
282
274
119
221
93
309
142
126
125
254
158
73
89
229
74
158
146
296
170
82
217
62
63
220
93
291
102
212
62
237
86
251
144
3
2
147
61
256
105
199
217
93
203
97
225
71
245
252
138
289
102
117
219
50
214
10
105
202
292
126
241
107
121
255
108
2
217
112
131
138
3
143
263
91
196
165
301
236
90
300
150
188
46
205
9
143
271
79
288
197
85
296
96
251
116
28
208
208
110
5
99
195
277
90
99
247
85
270
195
24
123
260
131
284
98
221
228
39
207
32
173
187
91
290
173
65
257
269
84
203
265
150
67
221
62
238
3
186
81
189
98
249
106
232
54
220
62
151
10
202
96
0
144
276
209
33
134
262
139
273
185
277
207
56
170
20
146
148
251
98
303
135
254
62
173
210
66
76
89
240
113
113
18
122
253
169
309
92
212
36
223
71
203
44
207
52
230
58
249
110
242
91
226
122
255
60
204
304
132
47
210
104
248
103
100
93
280
84
68
205
265
183
68
152
29
37
218
165
24
191
262
168
260
306
125
23
160
47
221
31
19
217
44
220
119
27
196
58
42
217
194
277
78
178
261
200
194
36
51
232
50
237
298
102
206
36
139
307
91
102
8
120
228
80
247
79
91
231
79
231
65
59
208
78
216
6
141
33
126
232
42
173
263
148
58
247
124
34
32
174
80
210
19
122
247
56
195
262
110
227
93
276
91
267
178
308
96
227
234
65
232
48
234
47
229
45
12
148
254
167
267
197
266
188
153
33
42
214
85
252
58
59
252
115
267
92
195
272
187
82
293
117
225
43
134
257
117
243
105
223
72
230
223
41
211
55
246
76
250
84
180
86
77
249
80
80
219
110
254
252
112
248
117
127
40
133
306
220
117
234
92
232
42
233
48
205
100
93
248
83
212
263
157
15
116
251
92
311
207
286
80
277
268
279
76
283
129
301
130
241
87
251
247
103
204
307
95
182
269
71
155
8
181
91
232
111
215
113
10
143
279
74
189
79
212
51
44
229
39
129
260
69
267
210
106
291
85
250
99
287
79
208
294
84
243
241
71
268
115
123
258
160
157
32
208
54
242
51
222
60
242
97
211
267
204
290
136
312
146
203
43
206
270
266
207
82
75
278
146
65
215
48
129
29
170
177
4
153
12
147
14
161
268
78
290
201
189
94
185
68
210
45
48
137
146
1
203
279
209
291
120
25
171
1
21
123
254
283
191
85
211
53
231
236
54
216
24
113
249
75
250
118
240
108
256
119
18
115
272
77
90
227
101
3
264
142
57
209
196
91
99
231
43
141
9
156
181
37
134
145
55
225
98
283
107
208
68
75
272
87
193
288
92
225
84
232
59
167
294
106
1
14
148
49
142
9
154
31
125
108
218
45
34
177
304
155
53
229
98
275
181
270
198
196
198
212
76
213
38
221
24
117
116
234
67
264
208
100
288
84
296
207
31
42
220
65
150
26
126
8
150
62
247
57
138
54
215
33
28
163
73
183
87
209
63
57
241
59
139
308
126
41
227
102
210
44
32
177
66
248
88
300
198
282
131
248
60
161
65
216
16
188
274
185
179
87
269
193
99
275
200
269
160
21
183
90
208
102
88
249
127
134
312
96
2
101
220
25
194
55
244
63
255
127
312
130
38
45
132
305
91
275
282
128
29
207
55
159
299
90
287
135
233
80
72
235
82
250
162
21
24
177
28
119
233
52
216
203
298
300
87
215
74
229
101
312
21
121
24
173
78
214
218
109
232
109
11
154
210
54
217
92
220
87
225
49
144
264
85
262
148
243
80
267
70
58
66
229
309
141
151
257
105
253
94
245
130
293
199
95
214
102
237
88
210
103
255
146
133
42
52
238
83
77
174
139
6
204
41
224
223
76
222
224
98
314
238
85
241
58
75
210
31
127
260
147
312
204
67
246
58
224
70
211
105
94
229
80
69
243
115
217
91
95
314
183
267
164
302
102
222
111
16
213
66
149
1
99
93
90
86
236
81
210
30
178
83
194
89
74
182
1
137
305
138
4
144
303
203
29
180
24
174
86
169
143
56
247
90
185
89
293
80
209
5
154
63
172
160
259
124
258
158
307
236
64
72
208
163
302
204
50
140
53
245
54
240
65
218
67
260
280
82
239
313
113
258
246
126
38
155
58
140
310
90
216
96
92
93
100
254
291
200
95
107
209
76
180
38
208
72
274
85
82
227
42
203
33
310
143
307
93
190
184
29
169
168
76
235
246
95
301
89
98
234
83
292
98
226
37
50
236
57
231
101
10
110
258
115
133
289
197
48
191
29
204
187
44
218
222
65
203
30
120
22
126
224
77
62
208
109
213
100
113
212
277
78
162
14
149
164
68
77
167
28
181
59
148
55
237
233
71
187
17
112
295
204
43
211
147
61
258
65
202
146
55
63
168
257
175
36
126
35
123
30
33
20
114
266
95
108
218
80
96
219
215
114
248
151
16
113
273
74
263
13
145
314
206
44
130
22
218
82
181
261
121
238
113
230
109
106
92
308
104
7
313
203
171
82
213
96
183
88
219
77
242
23
121
36
226
95
193
90
246
105
232
83
256
112
15
114
257
108
278
275
72
63
164
49
208
159
19
111
218
35
208
3
97
221
86
289
79
218
91
214
89
300
311
238
80
237
76
274
184
33
145
51
44
230
89
203
48
208
71
154
12
240
125
293
108
15
153
258
285
88
228
75
81
230
88
212
59
235
133
1
128
256
123
249
92
244
236
115
124
288
125
131
34
215
38
212
265
82
269
189
186
274
124
113
248
120
124
261
130
292
101
287
203
305
102
215
36
165
78
282
96
284
110
225
46
150
9
181
83
180
192
99
233
45
224
54
207
38
125
126
257
74
277
191
34
213
44
235
117
270
157
40
229
219
87
261
127
27
220
111
10
116
252
87
100
207
268
90
298
199
90
219
215
83
213
218
61
224
85
201
309
200
280
267
201
286
209
73
204
95
192
24
185
43
226
33
176
271
81
231
85
98
310
172
292
166
14
177
84
237
236
87
214
15
133
44
236
89
206
48
136
313
306
97
215
91
88
218
53
241
73
230
57
209
108
313
129
152
31
129
35
211
283
291
195
97
107
12
144
51
210
78
168
297
200
266
210
37
135
307
120
301
141
64
225
60
222
59
247
115
242
82
80
217
87
99
242
65
152
247
113
221
215
53
142
160
11
201
288
289
123
113
22
192
256
70
207
48
204
18
123
309
148
154
263
109
294
168
206
26
121
111
242
107
117
106
122
303
201
300
207
40
185
276
184
263
200
98
286
137
3
106
211
263
133
303
99
309
161
213
59
244
81
213
98
232
66
246
82
230
47
145
313
144
310
133
287
198
299
309
162
13
217
33
193
80
284
145
312
100
193
280
101
109
217
69
216
63
254
99
202
308
166
264
211
273
122
250
60
226
39
134
123
111
102
206
35
204
200
257
122
236
44
223
45
129
262
170
291
128
293
313
148
4
308
108
115
220
80
69
232
48
211
271
100
236
106
246
94
301
135
143
63
61
239
106
205
204
40
125
11
141
311
106
200
265
153
164
72
76
175
256
104
213
113
253
101
225
115
128
140
235
47
207
260
158
71
245
124
26
216
37
225
58
141
52
140
6
116
114
229
117
103
5
263
167
300
112
225
67
159
24
217
99
211
80
168
13
52
232
74
180
188
278
149
16
124
255
72
231
71
235
74
82
249
70
219
94
305
98
311
206
291
104
217
77
164
59
223
94
214
77
229
75
224
119
103
254
58
162
69
249
74
221
21
155
57
249
87
229
100
115
12
282
188
262
145
134
233
104
220
85
212
90
225
102
206
312
135
261
94
211
92
189
87
228
108
233
83
85
179
87
218
113
265
199
277
89
303
235
70
156
146
129
278
80
240
99
205
303
90
252
110
97
312
306
93
225
38
204
207
265
210
77
200
278
89
248
79
210
73
160
172
2
204
25
29
122
279
128
33
213
56
246
51
135
44
234
237
52
61
226
69
191
93
206
22
117
223
100
198
93
231
132
280
188
47
209
272
182
75
157
264
210
310
150
311
203
41
50
213
106
289
211
30
296
169
30
196
198
290
103
301
88
211
306
143
304
122
223
55
234
45
187
165
73
278
88
296
109
225
59
248
65
247
82
291
135
300
115
240
228
45
135
310
142
313
101
87
226
47
141
259
107
9
101
202
97
186
155
261
122
22
119
9
151
265
86
297
159
72
210
84
75
214
57
204
262
201
29
118
31
220
81
187
77
247
132
40
224
48
59
197
281
211
262
128
110
221
43
51
238
53
165
264
204
91
252
133
133
299
304
94
184
185
20
122
227
129
138
308
93
212
205
296
110
224
216
97
208
87
170
172
300
91
206
306
237
109
208
30
206
45
203
307
262
132
2
314
136
253
172
71
216
115
228
91
72
263
211
279
91
254
156
20
204
261
174
182
182
39
135
126
312
98
196
103
4
102
243
139
298
126
243
233
68
78
228
67
57
240
61
165
262
111
240
87
90
265
68
224
217
47
225
93
228
53
61
171
200
295
99
314
152
159
70
206
106
314
204
273
101
6
155
165
15
209
264
112
231
224
115
267
203
98
108
217
38
203
281
209
35
227
58
153
13
148
288
160
71
209
88
90
223
87
292
155
161
256
116
105
9
6
156
261
126
258
266
199
102
113
225
224
99
230
54
246
147
282
148
258
190
181
87
216
84
265
164
158
252
86
249
254
62
246
116
16
139
0
116
116
243
92
302
89
252
262
203
36
128
169
77
170
258
132
302
303
114
246
107
101
304
144
139
300
254
73
216
109
231
60
234
292
85
210
201
99
226
54
229
218
69
152
149
266
206
14
155
60
148
283
209
83
222
89
251
128
108
249
60
69
166
52
143
162
20
181
271
155
17
107
103
219
95
187
69
261
161
165
256
98
194
100
191
191
186
61
168
308
179
177
265
66
157
16
169
159
247
68
262
210
60
253
77
208
68
235
63
221
61
214
55
240
129
249
96
262
108
253
253
95
206
61
173
33
202
103
108
247
96
103
257
119
259
143
11
3
99
215
208
85
213
97
239
49
220
36
28
207
284
75
283
204
105
212
91
99
219
58
220
225
65
230
42
206
99
5
138
138
263
88
186
12
160
65
166
270
102
229
48
219
113
257
128
238
87
196
269
203
273
86
207
304
156
22
164
253
168
83
175
305
92
187
16
152
10
313
99
279
70
242
72
244
54
168
174
169
314
138
147
63
242
86
227
64
243
91
243
78
274
121
20
189
206
87
226
118
13
108
250
79
276
206
27
205
10
141
255
87
232
119
230
50
241
56
135
139
50
242
52
208
89
218
92
102
286
193
68
195
90
284
147
17
171
257
130
41
210
72
207
26
184
86
234
85
209
43
52
244
100
96
229
45
42
139
47
227
237
73
235
83
85
176
30
21
159
22
161
211
110
234
49
50
206
273
76
84
219
111
248
123
283
193
27
28
124
44
189
282
94
103
10
160
298
117
250
120
239
149
267
155
69
161
257
124
253
98
209
34
221
103
6
148
2
105
280
120
20
132
34
207
42
208
56
145
15
105
203
16
114
236
235
45
41
232
44
7
180
300
162
68
238
104
102
220
112
241
65
153
67
209
295
86
262
176
56
242
119
222
222
118
301
283
100
243
236
79
268
203
102
94
208
58
203
46
228
55
224
47
139
307
94
213
5
164
166
80
272
193
197
297
143
53
244
67
174
262
155
14
155
35
216
103
246
55
50
144
55
60
217
48
48
143
146
146
279
79
216
218
21
139
53
213
40
205
45
56
205
7
151
10
13
14
111
301
109
216
82
71
219
106
203
300
130
237
48
221
83
226
56
59
245
72
153
165
292
283
77
82
243
63
253
134
292
111
256
132
38
33
212
45
144
249
83
96
240
60
208
69
240
73
246
111
310
97
248
105
7
152
60
142
211
216
62
248
58
209
106
252
254
101
113
256
248
57
144
265
201
103
217
110
213
208
306
175
74
208
98
228
123
28
118
22
186
191
265
203
285
95
304
173
35
130
263
113
229
121
251
105
247
243
57
245
61
223
53
207
14
114
252
263
175
70
208
6
108
243
36
129
253
139
260
205
267
186
90
94
210
290
298
129
258
90
214
47
228
236
45
208
103
209
298
201
105
252
56
60
209
81
229
71
183
78
249
105
277
121
113
219
216
66
188
190
50
207
208
196
97
88
298
161
72
187
92
110
226
88
224
117
259
188
91
198
260
209
301
134
51
22
157
73
253
159
190
49
219
40
220
41
218
32
206
295
127
294
20
112
106
204
215
68
173
266
207
59
229
116
21
131
41
134
302
101
245
110
217
280
206
39
204
103
222
109
119
239
51
237
64
235
107
226
97
232
79
184
180
8
104
255
115
271
68
240
236
53
203
261
74
238
61
56
244
73
266
146
6
138
264
207
41
215
72
240
90
228
60
50
137
2
102
103
214
110
222
121
116
245
83
252
61
66
153
264
73
234
75
91
245
69
78
246
68
236
111
211
197
97
227
39
226
105
14
109
208
61
199
158
128
237
113
16
269
116
231
228
117
220
76
196
264
175
192
68
209
102
314
148
3
146
19
109
256
120
21
293
209
69
158
64
174
147
13
143
245
60
207
66
226
42
137
43
232
57
45
192
74
250
83
277
203
103
256
171
207
45
213
79
282
271
70
154
17
151
65
261
210
64
152
50
229
107
206
80
204
9
179
270
70
170
57
222
108
93
209
284
210
275
269
277
87
237
63
214
114
214
205
308
97
192
257
63
236
61
247
59
214
96
211
213
289
275
89
204
107
244
93
270
199
81
228
57
195
280
261
134
282
80
205
88
272
142
8
151
131
303
164
11
204
55
46
227
112
268
200
286
76
264
150
53
225
121
306
123
311
135
284
97
0
132
132
35
32
126
134
122
307
206
36
17
116
110
257
257
116
258
119
106
6
14
115
218
98
215
58
74
212
106
94
247
106
255
91
74
243
127
34
173
172
82
234
237
124
24
29
242
141
292
157
293
232
81
204
68
222
92
227
76
80
221
84
88
234
78
235
97
249
154
264
146
15
127
298
137
256
125
119
23
158
306
167
292
197
105
206
211
34
24
128
254
68
188
313
97
254
302
86
298
257
107
249
64
71
246
60
206
294
96
237
46
208
33
205
196
100
210
52
247
129
300
205
90
233
49
240
117
253
106
242
109
253
115
131
298
110
229
109
127
142
312
209
211
87
222
94
106
11
142
235
109
255
133
54
213
32
216
106
221
215
50
234
61
246
69
237
86
288
173
14
119
110
209
268
80
172
161
70
83
210
199
63
208
43
136
4
105
219
108
241
100
204
297
90
220
95
249
102
255
101
211
66
187
80
223
85
