67
230
41
231
110
15
121
31
214
115
29
123
286
199
96
281
80
231
69
228
65
209
217
106
231
97
253
64
176
186
92
292
82
78
227
67
208
92
262
206
38
205
47
143
258
121
269
114
125
253
256
60
247
63
66
259
64
262
140
139
2
149
4
33
154
14
239
55
67
261
172
299
136
302
115
240
232
115
256
129
43
234
84
208
64
69
220
114
13
163
11
146
241
124
309
149
282
192
261
209
108
212
42
51
141
304
137
313
209
265
89
233
76
200
281
205
53
46
231
46
235
85
217
50
212
207
271
119
251
82
289
205
103
234
108
226
45
161
26
37
182
30
127
278
193
257
104
5
121
30
219
108
238
54
41
188
270
114
256
63
230
80
164
72
67
238
86
71
208
95
211
77
209
265
186
42
188
80
251
59
238
120
26
175
86
224
63
262
175
77
283
95
243
131
40
50
235
314
293
175
65
212
109
126
277
130
298
101
228
63
239
104
209
218
110
12
143
10
212
47
135
43
205
22
175
67
147
0
8
108
236
51
192
203
47
232
76
238
48
226
53
239
236
80
192
206
6
181
73
273
124
114
224
106
208
76
210
105
236
103
91
297
162
66
53
235
242
67
247
75
165
177
79
253
92
251
258
106
213
112
101
286
163
263
166
49
235
96
248
244
78
241
19
155
67
220
74
210
79
237
49
215
88
74
199
287
162
23
136
60
237
105
302
173
74
225
75
239
125
36
224
66
222
96
193
291
171
298
128
40
221
69
86
94
230
46
140
7
116
218
206
100
192
208
65
233
93
224
79
283
287
173
21
192
166
8
143
251
72
273
181
76
248
71
59
239
50
211
82
210
99
215
224
73
221
220
29
169
253
134
250
151
5
175
68
159
17
156
37
213
39
14
117
23
115
26
137
4
278
102
200
298
133
304
0
94
275
145
248
67
219
117
275
80
248
101
215
46
146
263
121
27
180
188
95
209
55
142
141
50
147
262
173
212
112
247
95
190
96
198
181
310
141
8
152
264
174
3
311
97
299
114
98
251
113
226
116
101
207
20
117
239
73
213
7
157
8
156
19
125
230
43
148
15
33
206
285
84
234
102
198
217
96
209
66
53
243
56
219
64
223
92
304
131
123
26
167
76
173
80
245
55
66
208
104
202
17
113
111
210
10
165
305
119
248
64
215
80
77
166
293
233
75
253
68
170
17
214
100
214
24
159
309
206
292
80
216
214
109
122
259
205
194
69
235
54
225
27
187
212
86
71
238
88
227
43
212
198
294
156
305
125
244
66
261
209
38
35
212
111
221
101
205
83
172
157
297
128
246
57
223
103
120
225
39
222
37
220
47
54
227
77
250
90
302
86
248
147
18
171
86
237
143
131
39
215
76
224
51
234
69
76
225
41
50
224
43
186
270
82
199
282
97
190
32
128
27
131
0
145
155
7
207
49
38
216
46
233
42
131
261
205
207
46
234
100
218
61
60
215
84
276
88
178
264
139
51
207
266
69
160
18
112
230
86
208
83
242
61
216
81
270
90
211
104
3
10
142
130
33
224
103
242
234
98
250
104
9
140
5
148
132
263
4
144
52
245
77
82
219
107
213
58
204
310
148
284
85
293
127
118
236
46
238
241
54
246
254
84
289
194
282
259
123
257
89
212
106
203
295
283
86
295
81
215
222
58
223
67
224
121
282
274
119
221
93
309
142
130
123
254
158
279
89
229
74
160
146
296
170
82
222
72
63
220
93
291
166
212
102
237
86
251
150
3
2
147
61
256
105
109
217
93
203
97
225
71
244
151
138
289
102
117
219
50
214
161
23
202
292
203
7
281
121
255
108
90
249
112
128
138
3
100
302
133
297
165
301
278
90
300
150
188
46
205
9
143
271
79
288
197
85
228
96
251
116
28
208
293
110
246
99
195
276
90
244
84
85
270
118
24
123
260
131
283
121
221
228
39
207
32
171
187
91
289
173
65
184
179
84
203
265
150
67
221
62
238
3
176
81
189
98
249
106
232
54
231
62
151
10
202
96
0
144
276
209
33
134
262
139
273
185
92
207
56
154
20
146
141
251
98
303
135
254
62
55
210
280
76
89
240
113
215
18
122
253
166
307
92
212
113
223
89
203
44
207
52
243
58
249
110
242
91
226
122
255
264
204
304
132
48
210
104
248
95
99
197
75
258
68
205
265
183
268
152
29
153
17
165
24
164
256
168
260
120
125
23
160
47
221
31
212
217
35
220
119
27
196
58
61
217
200
277
91
178
194
277
205
36
51
232
50
237
7
102
206
36
139
307
105
102
8
109
228
80
185
79
91
208
79
231
227
59
208
78
216
6
141
33
48
231
42
207
263
148
58
247
124
34
32
174
80
210
19
122
247
56
211
262
110
227
93
276
91
267
202
308
96
106
234
65
232
57
234
47
229
45
12
148
254
167
267
197
266
190
47
213
42
214
85
251
58
59
252
115
231
92
195
272
187
82
293
117
225
43
134
256
117
243
105
223
72
219
47
41
211
55
246
76
250
84
180
86
77
249
80
80
219
110
254
252
112
248
117
127
40
133
131
301
117
234
92
232
42
233
48
205
100
93
248
83
212
263
157
15
116
105
92
311
207
286
80
277
77
279
76
283
129
301
130
241
87
251
247
103
204
307
95
182
269
212
155
8
181
91
232
111
215
113
10
146
247
74
189
79
212
51
44
229
39
129
260
212
267
210
106
243
85
250
99
287
79
207
294
84
68
241
71
268
115
257
258
69
157
22
208
54
229
51
222
60
219
97
211
44
204
267
150
312
146
132
43
206
270
109
207
82
185
278
180
65
235
48
134
29
195
204
4
153
12
147
14
161
268
78
290
201
189
94
274
196
210
216
48
137
146
1
203
274
190
264
162
25
150
150
29
123
284
283
191
85
211
53
231
236
54
216
100
91
249
75
280
119
223
108
256
119
18
115
272
77
90
227
101
194
264
142
57
73
196
91
228
231
43
141
9
156
181
37
134
145
55
225
98
283
107
208
268
75
272
87
193
288
92
225
84
232
59
167
10
106
13
14
148
49
142
9
42
31
125
108
218
211
34
177
304
155
53
229
98
275
181
270
198
186
75
212
76
213
38
221
112
219
116
234
67
264
208
100
288
84
296
207
31
42
220
65
150
26
126
8
150
66
247
57
138
54
215
33
28
163
73
183
87
209
63
57
241
59
139
308
141
41
227
102
210
32
32
177
66
248
88
300
198
282
131
248
60
163
65
216
16
188
94
211
179
87
269
193
99
275
200
269
160
21
183
90
208
102
88
249
254
134
312
96
2
101
220
25
194
55
244
63
255
127
312
130
228
45
132
305
91
275
118
228
40
207
55
159
299
90
264
135
233
80
72
169
82
250
162
21
24
177
28
119
233
52
216
103
7
179
83
235
104
229
95
194
21
121
24
173
78
81
218
109
232
112
11
35
210
54
217
68
220
87
225
49
144
264
85
252
150
243
80
267
70
239
66
178
309
141
129
257
105
253
94
245
105
293
199
95
214
102
254
88
210
103
255
262
133
42
52
238
83
99
7
139
49
204
41
224
228
76
222
224
98
314
238
113
241
58
71
210
291
1
140
147
281
204
67
246
58
224
70
227
105
93
229
80
69
243
115
217
91
95
314
183
267
164
302
88
222
111
16
213
197
149
1
99
229
90
86
236
81
210
73
178
83
194
89
90
182
1
137
305
138
4
144
11
203
29
222
24
174
27
169
70
56
247
90
185
89
178
80
209
5
154
63
172
169
259
124
258
158
307
236
85
72
208
207
302
204
50
140
53
245
54
240
65
218
67
260
280
82
93
313
113
258
262
126
38
155
58
140
310
90
216
214
92
248
100
254
291
200
95
107
209
76
180
38
208
72
274
85
82
227
42
203
95
310
143
307
93
261
127
129
29
168
76
235
241
89
301
268
98
211
83
241
93
226
37
50
236
57
231
101
10
110
258
115
126
289
197
48
191
29
210
187
44
218
57
65
203
101
120
22
126
224
77
62
208
109
213
100
0
186
277
78
162
14
149
244
68
155
167
28
181
59
148
55
237
233
71
187
17
123
295
204
43
203
209
61
258
65
202
212
55
57
168
257
175
36
126
35
123
30
202
20
114
266
95
108
218
80
65
219
215
114
248
151
16
113
273
74
263
13
145
314
206
44
130
22
180
82
175
261
121
131
141
5
109
106
121
308
104
200
301
203
285
82
213
96
183
88
219
77
242
23
121
36
226
95
193
90
295
96
232
83
283
112
15
114
257
108
278
275
72
63
164
27
208
159
19
111
218
35
208
287
97
221
86
289
105
218
48
214
89
254
102
238
80
237
76
274
184
10
145
52
44
230
89
239
48
208
71
154
12
240
125
293
108
15
153
160
258
88
228
75
81
230
88
212
59
246
133
258
128
256
71
249
92
244
236
302
123
288
125
131
34
133
38
212
212
82
269
189
186
276
124
130
24
120
124
261
130
292
101
287
203
305
168
215
36
218
102
282
96
284
110
225
46
150
9
166
83
180
192
99
233
45
224
54
207
38
125
257
257
195
277
191
34
213
44
235
117
270
157
40
229
70
87
261
127
34
220
111
10
116
252
252
100
207
268
90
298
199
90
219
215
83
293
158
61
224
85
201
274
200
280
273
201
286
209
73
204
95
192
24
185
43
226
33
176
271
81
231
85
98
310
97
292
166
70
177
84
237
236
87
214
39
133
44
236
89
206
48
136
313
306
97
215
91
90
218
53
241
73
230
57
209
108
313
129
119
31
129
35
211
270
291
195
97
108
12
144
51
210
78
168
297
200
266
210
37
135
307
120
301
141
62
225
100
222
59
247
115
126
244
80
217
111
99
242
65
152
247
113
221
215
53
142
160
296
201
288
199
105
113
22
192
86
70
207
48
204
18
123
309
13
154
263
109
294
168
206
26
121
111
242
107
117
17
122
303
201
300
207
273
180
75
184
263
200
98
286
204
12
106
211
263
133
303
95
309
201
213
59
184
81
213
98
214
66
246
82
230
47
145
313
144
310
133
287
198
299
309
162
13
164
33
203
314
137
145
312
100
193
280
98
109
217
69
216
63
254
99
202
293
211
264
211
273
122
250
60
224
39
142
51
226
102
206
35
314
200
257
112
228
44
223
45
129
262
170
291
128
37
313
147
145
308
92
107
220
219
69
232
48
211
271
100
236
106
246
94
301
135
251
63
79
239
106
205
204
40
125
11
141
311
168
200
265
198
173
210
76
172
256
104
213
113
253
101
309
115
249
127
235
47
207
260
158
71
245
124
26
216
37
225
58
141
52
140
6
6
114
229
92
103
5
139
301
300
112
225
60
159
70
217
99
211
80
168
13
105
232
74
180
152
265
149
16
124
255
72
231
71
235
90
90
245
70
219
94
305
98
311
143
291
104
217
77
164
59
223
94
214
77
229
75
224
119
103
254
265
162
69
249
74
163
21
148
57
249
87
229
100
115
12
14
166
262
145
243
233
104
220
53
212
90
225
102
239
312
135
261
194
268
92
189
87
228
108
233
240
85
183
29
218
113
265
199
277
89
303
235
70
156
146
129
278
80
240
99
272
303
90
252
110
97
312
104
113
225
38
194
79
265
210
62
200
183
89
248
79
210
73
161
172
2
204
25
29
122
279
128
33
135
56
246
51
135
44
234
237
52
61
226
69
191
93
190
22
117
223
100
198
93
231
124
279
188
47
209
272
182
75
157
264
210
70
150
311
203
41
50
213
106
289
211
112
296
169
295
174
86
290
103
299
88
207
306
143
305
122
223
55
234
45
187
165
76
278
88
296
109
225
63
248
65
247
82
291
135
300
115
223
230
45
140
310
142
313
101
90
226
47
141
2
107
311
101
202
97
186
177
261
122
22
119
32
151
292
86
270
159
72
210
84
75
213
14
204
262
201
29
118
115
220
81
187
77
247
132
40
224
57
59
197
60
211
262
128
46
221
228
51
238
53
165
264
204
91
252
133
133
299
304
94
292
177
20
122
249
152
166
308
93
212
205
296
110
224
216
97
208
87
81
172
300
91
206
306
237
109
208
30
206
45
203
307
262
132
2
152
166
74
278
71
216
115
228
58
203
263
211
279
83
268
156
20
162
261
167
27
203
39
135
126
312
98
197
103
4
102
243
140
298
126
233
233
68
229
63
67
57
240
61
165
262
111
263
87
175
265
68
224
217
47
225
93
228
53
61
171
200
299
99
314
152
208
70
206
106
314
204
273
101
6
152
9
15
202
264
112
231
224
115
267
203
298
108
217
38
203
281
209
35
227
58
153
13
148
307
160
71
214
88
90
223
87
69
154
253
254
116
24
14
6
156
261
126
258
62
199
102
113
102
224
99
245
54
246
77
281
127
258
190
181
87
216
112
265
283
158
252
86
249
256
62
246
116
125
308
134
118
249
243
92
302
89
252
262
203
36
128
288
77
170
258
132
295
130
114
246
107
101
304
0
139
253
254
73
216
108
231
77
234
292
85
210
205
99
226
228
79
218
69
152
149
266
206
280
184
60
148
283
209
83
220
89
251
128
108
249
60
69
166
52
143
162
301
174
167
61
141
303
103
219
95
187
195
182
85
266
198
98
194
77
191
95
212
61
168
308
179
177
265
66
157
16
168
159
247
68
262
210
60
253
77
208
68
235
63
221
61
214
55
240
129
249
123
291
127
248
253
95
206
61
173
33
202
103
249
247
96
103
257
119
259
112
98
3
109
215
208
85
213
97
239
49
131
36
36
207
284
75
283
204
105
212
91
99
219
58
220
225
65
230
42
206
99
5
138
164
263
91
186
12
160
312
166
270
102
229
48
219
113
257
128
238
87
196
269
203
273
86
207
304
156
22
164
253
168
83
175
305
92
187
16
152
294
313
103
9
123
246
72
244
54
168
181
169
314
138
153
63
242
86
227
64
243
91
233
78
280
121
20
189
73
87
226
112
13
108
250
79
276
206
264
9
10
107
255
87
288
119
230
50
233
56
137
139
50
242
52
208
89
218
92
295
286
193
68
195
90
280
147
160
171
257
127
41
210
72
207
41
184
86
245
85
209
43
52
244
101
106
229
45
42
139
47
227
237
73
274
275
85
176
188
21
159
22
161
211
110
234
49
213
206
273
76
84
219
111
248
123
283
193
27
124
124
28
189
282
94
103
10
160
298
117
250
120
239
140
264
155
18
161
257
124
253
56
209
90
221
103
6
148
2
100
224
120
20
132
34
207
42
208
56
145
15
105
203
98
231
60
235
45
41
232
44
7
180
300
162
68
238
104
102
220
112
221
65
153
67
209
211
86
262
151
27
242
119
222
222
118
20
283
100
243
236
79
268
116
102
94
208
58
136
46
228
55
224
47
139
307
94
213
5
164
196
80
272
279
197
297
143
53
244
67
174
262
155
14
155
35
216
95
246
55
146
144
55
60
217
48
48
140
146
146
279
79
216
218
21
139
53
213
40
205
45
56
205
8
151
10
156
14
111
224
109
216
82
71
219
106
203
300
130
237
48
221
83
226
56
59
245
72
271
165
292
283
196
82
243
63
253
149
130
112
256
132
38
33
212
265
141
249
83
233
240
60
208
69
240
73
249
109
252
97
248
105
7
152
60
230
49
216
59
248
58
209
106
252
254
122
113
256
143
57
144
265
201
103
217
110
213
90
306
174
74
208
98
227
123
28
118
22
186
191
265
192
285
95
304
176
35
130
121
113
229
121
251
105
247
243
57
245
61
223
53
207
24
114
252
95
256
70
208
6
108
243
36
129
297
139
260
179
32
186
94
94
210
195
37
129
293
200
214
47
237
236
45
208
103
89
298
201
105
252
56
60
209
81
229
66
183
78
249
105
304
121
253
107
216
66
68
149
50
207
290
196
97
88
298
161
72
57
207
110
303
88
224
117
259
188
91
198
260
209
301
134
51
146
157
73
253
159
190
49
219
40
220
41
218
32
206
295
127
294
104
112
298
204
269
68
151
266
207
59
229
116
21
131
262
134
286
79
245
111
217
94
206
39
204
33
222
109
100
239
51
237
64
235
106
226
97
232
79
184
272
8
104
255
115
271
89
227
236
53
203
261
74
238
61
51
244
57
145
146
6
138
264
169
77
215
72
240
107
226
60
139
137
2
1
103
233
110
222
121
116
245
83
252
61
66
153
264
73
234
75
63
245
69
78
246
68
236
111
211
189
97
227
39
226
105
14
109
208
61
199
302
128
237
301
164
171
82
231
228
117
220
103
196
264
200
191
26
204
102
314
148
3
146
19
109
12
120
107
293
209
69
158
68
174
23
13
143
245
60
207
66
226
42
137
43
232
237
45
192
74
250
83
277
203
103
256
262
207
45
213
79
282
275
70
155
17
151
65
261
210
64
152
50
229
107
206
80
204
9
180
270
70
242
57
225
108
16
209
284
78
275
123
277
87
237
78
214
114
214
205
308
97
192
201
63
236
61
247
59
219
96
272
203
187
275
89
204
107
244
93
283
203
81
228
57
195
281
311
134
282
80
205
88
272
142
8
140
167
303
164
11
152
142
46
227
112
268
200
286
76
264
150
53
225
121
306
109
311
201
284
97
0
132
132
35
32
126
134
122
307
206
288
17
116
243
122
257
116
258
119
106
6
312
94
218
98
243
240
74
212
106
94
247
106
255
118
231
243
127
34
173
172
82
234
237
124
24
10
10
141
292
157
67
232
81
204
68
222
92
227
76
80
221
84
88
234
74
235
97
249
136
264
147
311
127
298
137
256
125
119
23
157
306
167
292
105
105
206
211
30
24
128
254
68
188
265
156
4
182
86
298
235
59
249
64
241
246
60
143
294
96
237
46
208
33
205
196
100
210
52
246
129
300
87
90
233
49
240
96
227
106
5
100
253
115
131
298
110
229
109
248
142
312
202
211
87
222
94
205
11
142
235
109
255
133
54
213
32
216
106
221
52
52
234
61
246
69
237
309
110
215
14
119
110
209
74
159
262
161
70
83
210
75
63
208
43
136
3
105
219
108
241
100
204
297
90
220
95
300
102
255
101
211
66
171
80
223
85
