66
230
96
231
110
244
138
6
214
115
284
81
286
199
196
281
80
287
125
228
65
78
217
106
231
97
253
64
261
186
92
306
281
78
227
67
152
169
264
129
38
230
50
142
258
121
286
93
254
253
152
60
247
63
192
259
64
262
298
308
2
149
4
142
154
14
242
55
67
165
172
299
140
5
115
230
232
115
256
204
43
234
240
79
248
69
241
114
13
163
256
309
133
124
309
205
53
192
261
209
108
212
139
48
141
304
167
158
290
94
227
229
76
200
281
207
49
138
231
46
235
85
217
213
23
194
30
119
251
82
295
205
104
295
106
226
73
161
50
37
131
30
150
303
115
257
104
223
121
30
217
108
238
54
41
188
270
114
256
63
230
92
309
145
58
216
86
293
208
95
211
77
209
265
186
81
188
256
251
59
220
120
26
191
86
224
112
262
172
77
236
235
233
131
36
50
135
2
181
168
65
212
35
126
125
285
216
50
228
63
239
52
209
1
110
12
143
10
212
47
135
292
205
22
203
0
147
5
5
108
236
51
192
96
102
232
76
239
48
131
53
239
235
80
184
206
6
181
73
251
124
114
224
106
208
76
210
87
230
103
91
297
162
156
53
146
242
130
247
75
187
177
309
237
92
251
94
106
213
94
281
106
211
266
135
43
235
96
248
285
79
241
19
208
67
220
74
210
206
42
45
215
88
192
278
257
162
169
159
60
220
105
302
173
74
225
75
239
125
116
224
66
222
96
193
255
171
298
147
40
221
69
197
93
230
46
140
7
116
232
96
100
4
208
65
233
93
225
218
104
286
171
21
15
166
49
143
62
72
273
181
76
248
71
74
239
50
211
82
210
56
215
224
73
271
116
129
250
264
134
250
151
14
217
68
214
17
156
37
213
39
18
117
23
178
270
137
306
298
302
133
298
133
284
294
129
275
200
50
67
219
117
287
80
248
101
215
46
146
263
121
27
180
188
45
209
55
142
141
50
147
3
173
25
112
247
95
190
73
272
181
43
141
8
174
265
140
4
186
95
299
235
118
250
113
219
116
101
312
99
117
239
73
213
7
157
8
156
20
157
189
43
148
15
33
206
73
84
234
102
104
217
96
209
66
53
243
56
218
113
223
92
281
294
123
26
167
76
173
80
245
55
217
101
104
202
17
216
111
210
26
165
16
119
248
70
215
80
77
166
305
233
75
253
68
170
169
255
100
214
18
159
23
207
177
80
216
60
260
122
259
206
154
69
235
54
204
27
187
212
87
248
238
75
212
105
222
214
294
142
305
101
244
66
261
209
28
32
123
111
221
101
205
83
282
195
297
112
246
57
83
232
120
225
39
222
37
206
45
54
234
59
250
90
302
138
43
202
18
153
162
22
38
131
39
216
76
230
51
234
243
76
225
41
229
190
43
186
194
82
275
282
96
190
32
50
131
131
126
27
165
7
207
9
313
206
92
233
20
131
261
205
207
48
201
100
218
61
209
103
84
174
286
206
33
220
51
190
277
69
160
18
112
211
213
208
83
242
61
172
177
270
90
211
104
3
150
37
130
33
224
103
292
2
98
250
104
9
7
309
126
289
263
147
245
52
245
77
82
219
107
213
11
107
310
148
240
85
302
135
118
236
46
238
227
53
246
248
84
285
194
26
281
123
279
89
212
106
203
296
233
86
232
81
215
222
58
240
67
224
121
119
274
119
221
93
309
184
14
125
254
158
185
89
229
83
281
158
296
170
82
217
62
63
220
93
291
102
212
62
260
86
251
133
37
2
147
61
205
85
65
217
93
203
97
225
71
245
233
113
289
102
297
219
50
214
10
105
202
292
126
241
107
121
255
108
305
1
112
313
138
3
143
257
91
217
165
301
307
100
195
198
188
46
205
9
143
204
200
288
77
85
91
82
251
116
28
208
208
101
5
99
195
274
197
99
247
85
270
157
24
123
260
131
284
95
221
228
39
207
17
15
187
91
290
173
67
264
269
183
187
265
162
67
221
62
238
18
186
81
247
98
278
130
232
54
220
62
144
10
202
96
0
144
276
211
33
134
262
139
273
185
22
207
56
170
313
146
12
251
98
248
108
254
62
78
210
66
77
89
240
113
113
234
122
253
169
309
92
212
36
223
71
203
44
207
52
236
58
249
110
242
99
226
122
255
60
204
304
132
47
210
104
248
103
204
93
280
158
68
205
265
260
68
152
29
37
177
165
24
119
262
123
30
153
150
28
202
47
221
31
19
217
44
220
119
8
183
38
42
217
194
277
78
196
261
200
194
36
181
232
50
237
298
102
206
36
201
271
6
102
107
239
71
80
247
79
91
231
79
231
65
59
208
78
216
6
141
33
126
135
298
18
31
43
58
247
124
34
32
174
80
210
19
122
247
71
195
262
110
218
83
276
91
267
84
269
96
201
223
65
232
48
234
47
229
198
28
153
33
131
269
197
97
188
56
53
42
214
85
252
58
59
252
115
267
92
195
272
187
82
288
198
225
43
134
257
117
245
105
233
52
44
223
41
211
55
246
89
250
84
299
93
77
249
80
80
233
110
254
252
112
301
311
127
40
133
306
256
117
107
92
224
42
233
48
203
100
111
248
112
212
264
157
15
145
0
92
311
207
286
80
277
268
75
76
283
129
301
104
241
87
251
277
103
103
314
95
182
269
66
155
258
103
91
244
111
215
113
10
143
279
185
189
79
212
51
44
229
39
129
260
208
267
210
106
291
85
250
99
287
79
208
294
84
246
241
71
268
115
123
258
160
170
32
208
54
242
51
222
60
236
97
211
211
204
275
159
312
145
41
43
157
74
88
270
160
75
278
146
242
67
48
129
29
170
178
297
153
12
147
25
161
252
78
290
201
189
177
191
68
210
193
48
137
146
1
204
279
209
291
22
22
171
182
21
123
122
283
191
85
211
53
231
236
105
216
24
113
249
75
250
242
240
108
256
122
119
143
272
77
90
227
105
3
264
142
151
58
196
193
99
206
43
141
302
165
125
36
134
49
50
225
123
293
107
208
206
203
272
68
163
263
92
225
84
232
59
150
257
203
305
14
148
49
142
9
154
18
125
106
218
51
232
177
304
145
53
229
95
86
181
189
47
62
198
212
76
213
38
221
24
126
112
234
70
264
11
108
288
84
166
207
51
42
220
65
150
26
126
8
150
62
247
57
138
54
215
33
28
163
261
183
34
218
63
57
227
59
139
308
136
41
223
102
210
201
32
202
66
248
88
200
198
282
133
248
60
247
65
156
16
188
274
288
194
70
213
193
99
190
196
269
160
21
183
90
208
211
88
249
127
124
312
96
310
101
220
73
162
55
244
63
255
127
145
54
33
45
132
305
91
213
282
129
107
207
55
159
299
88
252
135
233
62
72
237
82
250
162
21
24
177
28
119
233
52
216
203
298
171
87
215
74
229
118
312
299
121
24
242
78
214
97
109
232
109
11
154
57
52
217
84
297
87
205
49
144
264
85
262
148
243
80
267
70
172
66
227
309
141
160
257
105
253
109
245
130
293
194
95
218
102
237
88
292
103
255
146
133
42
52
238
83
77
260
139
6
204
41
34
190
76
79
271
212
314
236
85
241
236
75
210
31
127
260
188
312
204
67
246
58
224
211
293
105
94
229
80
69
243
114
217
95
234
314
183
64
164
302
102
222
111
16
211
58
148
1
99
249
90
179
190
81
218
30
178
83
194
192
264
182
171
137
305
138
4
135
35
203
29
31
172
198
185
84
63
56
247
90
196
89
191
80
209
64
154
63
258
199
259
124
258
158
307
236
64
72
76
272
302
204
50
140
62
245
54
240
65
218
46
154
280
82
239
239
130
258
256
126
38
155
58
140
310
90
216
96
92
227
100
84
291
200
214
107
209
76
218
38
208
280
284
85
82
227
42
211
6
309
143
307
94
190
184
29
180
191
76
235
246
95
254
200
98
234
83
248
307
224
37
50
236
312
18
169
10
110
258
115
133
287
197
190
191
29
177
187
199
31
222
65
203
283
120
22
126
224
77
91
208
109
213
100
113
212
113
288
162
14
147
164
68
77
167
28
181
59
148
55
237
233
56
164
17
112
295
204
212
46
147
61
258
193
40
146
264
63
156
257
178
36
126
35
123
30
31
18
114
266
95
108
218
80
218
219
215
114
255
151
16
172
170
74
263
13
145
314
206
44
130
142
241
82
181
261
137
238
113
230
101
106
92
308
104
7
314
203
171
82
213
96
183
88
219
77
271
23
121
36
226
95
299
90
246
105
232
205
32
112
15
125
257
122
278
275
72
162
164
60
208
159
19
112
218
35
208
3
97
221
86
171
79
218
91
214
89
206
108
238
80
237
76
274
184
31
177
224
44
230
89
187
282
208
71
154
12
240
119
293
143
140
2
138
232
88
228
75
81
230
88
212
59
235
133
1
128
256
123
249
92
248
236
115
124
288
125
20
34
215
38
212
265
80
167
189
218
39
127
113
246
120
136
43
130
292
101
287
203
305
102
203
36
165
78
268
96
297
25
225
46
217
9
181
83
180
89
99
233
45
224
54
207
38
125
126
257
261
152
159
34
213
102
235
117
9
157
40
229
277
91
261
127
27
220
111
10
116
252
87
100
207
79
90
298
87
106
219
215
83
213
61
61
224
31
201
309
200
83
259
126
286
211
73
204
95
192
24
185
43
132
33
176
88
225
231
85
98
310
91
292
282
192
223
83
237
79
87
214
15
215
44
236
62
206
48
136
313
306
97
215
91
88
218
53
241
73
230
57
209
108
313
129
135
267
199
35
211
169
76
195
97
107
256
144
51
236
78
168
268
198
266
182
37
135
260
120
301
141
64
225
60
221
59
247
115
242
82
80
217
115
99
245
65
152
247
113
221
235
53
82
207
63
219
206
289
123
147
22
127
256
70
207
88
215
18
123
309
310
95
263
137
278
281
206
43
298
111
242
107
284
292
122
28
201
300
207
40
192
276
184
263
200
98
286
137
3
108
211
263
133
303
95
309
216
213
59
244
81
252
98
232
66
246
82
230
47
145
313
144
310
133
32
198
299
309
162
47
144
33
193
208
68
172
298
272
193
280
285
109
217
69
216
63
254
99
310
308
125
40
211
273
122
250
60
227
39
134
134
276
188
206
35
204
200
257
121
236
69
223
45
129
262
170
291
128
131
313
148
314
297
141
310
220
80
233
230
48
211
266
100
211
106
246
94
301
135
153
63
140
239
106
205
216
40
123
11
142
311
106
200
265
153
164
145
65
175
256
104
213
113
253
100
225
39
157
242
235
47
140
260
159
71
245
124
26
202
37
225
58
141
52
140
6
253
114
229
117
103
275
263
132
257
112
225
67
159
22
25
38
211
80
168
13
52
226
74
163
206
278
118
16
124
233
72
231
71
271
74
257
249
70
219
94
248
305
302
206
291
104
87
77
242
59
223
94
214
77
175
70
224
119
103
254
252
159
69
249
74
221
32
206
56
249
87
229
125
115
22
206
67
262
145
134
233
104
256
85
212
90
225
101
206
312
135
261
263
211
92
295
87
234
108
220
83
85
179
166
218
113
296
199
277
89
303
201
11
156
146
132
278
80
292
99
205
302
90
252
301
97
312
306
95
225
38
204
98
265
177
74
277
93
89
249
79
210
73
159
152
2
204
25
29
122
279
128
33
213
61
246
51
135
45
58
237
52
61
226
69
191
93
308
22
117
223
100
198
93
231
132
280
131
47
209
40
182
75
76
224
210
310
310
311
203
41
209
213
106
290
211
30
27
169
30
196
198
199
263
188
88
250
123
115
304
122
223
70
234
45
61
165
73
278
88
296
109
225
59
248
125
244
82
291
135
300
115
116
228
45
135
310
142
313
101
282
226
47
141
258
107
9
101
277
95
187
278
261
122
22
119
9
151
265
86
223
159
72
210
92
76
214
57
133
262
202
19
118
31
220
81
232
77
247
132
40
224
48
196
197
289
211
262
128
28
221
39
49
238
53
165
264
204
91
252
143
128
299
304
94
184
185
20
122
227
129
143
308
93
212
205
102
110
224
101
97
287
87
170
172
300
296
206
306
105
109
206
30
206
45
203
307
148
132
127
314
136
253
161
71
216
115
228
225
81
263
211
85
179
26
113
20
176
58
180
182
41
39
135
117
282
98
196
103
4
102
243
130
298
126
243
233
68
78
228
45
57
240
62
165
250
111
240
102
90
242
68
146
238
72
271
68
245
53
61
198
85
295
101
314
152
66
70
206
106
314
36
217
101
6
155
80
270
209
264
112
231
104
115
267
203
3
108
217
41
203
81
209
35
166
58
153
13
205
300
160
71
209
78
90
223
87
178
155
263
256
116
105
9
6
156
278
126
258
266
199
102
113
225
224
99
230
54
246
147
282
148
258
85
181
87
216
67
265
165
158
252
86
226
163
62
246
116
16
143
261
116
116
243
92
302
89
252
280
203
27
28
169
77
170
258
132
311
1
114
246
107
101
306
311
122
138
254
73
216
109
231
58
221
292
85
276
304
99
226
54
229
45
149
152
149
266
169
14
155
60
148
283
209
83
222
298
251
129
108
249
244
69
218
52
143
162
20
166
271
273
16
107
210
308
95
187
69
261
146
62
256
98
194
189
191
191
163
19
158
308
167
32
137
142
157
16
169
144
247
68
262
169
60
253
77
266
68
235
45
221
61
214
55
240
105
249
96
262
108
4
105
95
206
61
173
33
202
0
239
247
96
304
257
119
259
143
11
3
99
215
208
42
213
97
239
49
220
35
9
207
284
254
166
204
105
212
91
99
219
41
220
225
65
230
42
206
269
306
138
138
263
171
186
12
160
294
292
95
102
216
48
219
113
294
128
238
87
69
260
203
273
86
207
304
156
22
134
307
171
24
175
82
92
187
16
158
10
313
99
259
117
249
72
244
58
76
174
169
314
138
146
63
242
86
213
64
243
91
243
78
261
121
20
202
206
87
226
118
13
108
230
79
259
106
12
205
10
141
255
87
264
119
230
50
241
56
63
225
50
242
52
208
84
218
92
191
286
193
28
195
283
284
147
17
171
257
130
41
210
72
207
26
184
97
234
85
167
156
73
244
100
111
232
45
42
139
47
227
208
73
172
83
85
176
30
154
159
22
161
199
75
234
56
204
206
273
76
231
219
111
248
123
283
193
27
28
124
44
189
282
94
103
10
160
298
117
250
120
7
137
254
155
61
67
257
124
253
98
209
34
221
103
6
148
2
105
257
120
20
115
34
207
42
208
56
145
15
105
203
16
114
258
235
45
41
14
11
7
180
26
162
68
238
104
102
220
112
229
60
153
73
209
267
131
262
176
56
242
119
22
222
118
301
283
100
110
236
79
268
203
302
94
308
202
193
46
228
55
224
47
206
307
121
297
209
31
284
80
164
193
82
297
198
53
244
62
174
180
186
14
155
1
216
103
246
251
62
144
55
40
217
48
240
143
258
146
279
79
216
218
28
139
53
213
40
205
45
213
9
7
151
10
13
14
6
100
109
215
82
71
258
106
203
300
118
237
48
212
83
211
56
238
54
72
182
165
292
283
77
82
243
63
253
107
292
111
256
133
38
33
212
45
144
249
245
96
240
60
179
87
240
94
246
111
113
97
248
105
7
152
310
109
211
154
62
171
58
209
106
252
254
101
113
256
248
57
144
265
201
103
256
110
213
111
260
175
74
208
98
228
123
28
118
294
200
191
265
203
285
95
297
164
35
130
263
113
229
121
251
105
247
137
129
245
61
223
27
207
14
114
264
263
174
69
208
265
108
243
36
129
253
176
260
205
267
186
90
94
210
177
298
129
258
90
214
47
193
236
45
208
103
86
298
201
105
252
56
60
209
81
229
104
207
78
249
116
276
121
113
11
150
66
188
190
50
207
69
196
97
88
298
161
72
187
26
181
220
88
224
62
259
188
92
198
210
218
309
134
51
22
111
253
257
159
44
204
219
40
220
41
218
32
206
295
127
294
244
112
15
204
215
93
204
266
207
59
229
116
21
214
41
134
302
101
243
136
310
301
206
39
204
103
237
109
117
239
51
237
64
235
114
226
173
265
79
184
180
8
104
255
115
271
95
240
236
53
203
261
74
238
236
56
244
73
266
146
6
138
264
208
41
215
72
234
90
228
52
50
137
242
102
101
214
110
222
99
116
245
125
252
61
66
153
264
73
179
75
91
245
74
248
246
68
236
111
211
308
97
227
39
226
105
14
109
208
61
76
182
182
237
113
259
269
116
231
228
117
220
76
196
264
175
220
68
209
102
9
148
3
146
19
109
256
120
21
195
209
69
72
64
210
208
13
143
167
60
207
66
226
42
167
43
232
57
69
192
74
250
256
277
203
103
297
171
27
54
213
79
176
271
263
154
17
151
150
261
194
276
152
57
229
69
206
80
204
9
179
269
70
166
57
222
108
93
209
95
282
275
269
277
87
237
63
232
114
214
181
217
97
192
257
63
236
61
247
59
214
96
211
213
293
100
205
204
107
244
130
270
199
51
223
57
195
86
261
121
282
80
216
88
272
182
8
151
131
303
164
11
204
46
216
227
112
268
261
286
76
185
150
53
237
121
306
123
311
151
284
97
0
132
132
35
32
126
134
305
204
32
36
124
116
110
257
257
163
258
119
106
6
14
115
218
98
212
64
181
212
106
94
247
106
255
269
68
155
127
34
173
172
82
234
292
124
24
28
124
141
292
157
36
176
81
204
68
253
116
227
76
78
221
84
88
234
78
235
122
249
154
264
152
15
128
298
137
256
125
119
23
158
293
167
292
295
94
288
211
34
24
191
254
68
265
313
97
205
284
86
256
257
107
250
64
71
246
51
206
294
96
237
59
208
33
205
192
100
210
62
247
129
276
294
90
233
49
240
117
253
106
242
109
222
115
131
285
110
229
109
127
142
312
182
211
87
222
94
106
11
101
235
109
255
133
54
216
32
216
106
221
29
127
234
61
246
69
237
86
85
173
14
119
110
209
170
80
172
161
70
83
174
177
63
208
43
136
256
105
219
108
298
100
204
297
90
220
219
97
102
255
148
211
66
178
80
223
85
