66
230
68
231
110
244
121
6
214
115
275
81
286
199
96
281
80
231
69
228
65
78
217
106
231
97
253
64
176
186
92
292
281
78
227
67
208
179
264
129
38
230
50
142
258
121
286
93
254
253
71
60
247
63
67
259
64
262
140
308
2
149
4
33
154
14
242
55
67
165
172
299
140
302
115
230
232
115
256
129
43
234
84
79
193
69
220
114
13
163
11
309
133
124
309
205
282
192
261
209
108
212
42
48
141
304
167
158
290
94
227
229
76
200
281
206
49
138
231
46
235
85
217
50
23
194
30
119
251
82
295
205
104
234
106
226
73
161
50
37
131
30
308
121
115
257
104
223
121
30
217
108
238
54
41
188
270
114
256
63
230
92
274
73
58
238
86
293
208
95
211
77
209
265
193
42
188
80
251
59
220
120
26
175
86
224
63
262
172
86
236
235
243
131
36
50
135
2
181
168
65
212
295
126
125
285
192
86
228
63
239
104
209
1
110
12
143
10
212
47
135
43
205
22
181
0
147
5
5
108
236
51
192
208
47
232
76
239
48
46
53
239
235
80
184
206
6
181
73
251
124
114
224
106
208
76
210
87
230
103
91
297
162
156
53
235
242
130
247
75
187
177
309
303
92
251
94
106
213
112
281
76
211
263
135
49
235
96
248
285
79
241
19
155
67
220
74
210
206
42
49
215
88
192
278
287
162
23
159
60
220
105
302
173
74
225
75
239
125
116
224
66
222
96
193
19
171
298
147
40
221
69
197
93
230
46
140
7
116
232
96
100
4
208
65
233
93
225
218
96
286
173
21
163
166
8
143
60
72
273
181
76
248
71
61
239
50
211
82
210
99
215
224
73
221
116
29
135
264
134
250
151
14
217
68
214
17
156
37
213
39
14
117
23
178
270
137
306
298
302
200
298
133
284
294
129
275
145
248
67
219
117
287
80
248
101
215
46
146
263
121
27
180
188
45
209
55
142
141
50
147
3
110
212
112
247
95
190
96
299
6
310
141
8
152
265
174
302
311
95
299
114
118
250
113
226
116
101
312
20
117
239
73
212
7
157
8
156
20
125
230
43
148
15
33
206
73
84
234
102
104
217
96
209
66
53
243
56
217
64
223
92
281
106
123
26
167
76
173
80
245
55
63
208
104
202
17
113
111
210
26
165
289
119
248
64
215
80
77
166
305
233
75
253
68
170
45
214
100
214
18
159
309
207
177
80
216
60
260
122
259
206
164
69
235
54
204
27
187
212
87
71
238
75
212
105
222
214
294
142
305
125
244
66
261
209
38
32
209
111
221
101
205
83
282
195
297
112
246
57
136
232
120
225
39
222
37
206
38
54
234
59
250
90
302
138
133
147
18
153
162
22
38
131
39
216
76
224
51
234
243
76
225
41
229
224
43
186
194
82
81
282
97
190
32
24
131
131
44
27
165
7
207
49
222
216
46
233
126
131
261
205
207
46
234
100
218
61
209
215
84
174
88
206
21
220
51
205
277
69
160
18
112
211
213
208
83
242
61
172
81
270
90
211
104
3
10
142
130
33
224
103
213
2
98
250
104
9
140
278
126
289
263
147
144
52
245
77
82
219
107
213
11
107
310
148
240
85
302
135
118
236
46
238
52
54
246
254
84
285
194
282
124
123
279
89
212
106
203
296
271
86
232
81
215
222
58
240
67
224
121
120
274
119
221
93
309
184
35
125
254
158
185
89
229
74
158
158
296
170
82
217
62
63
220
93
291
102
212
62
260
86
251
144
3
2
147
61
256
82
198
217
93
203
97
225
71
245
233
113
289
102
117
219
50
214
10
105
202
292
126
241
107
121
255
108
2
217
112
131
138
3
143
263
91
196
165
301
91
100
195
198
188
46
205
9
143
271
79
288
197
85
296
96
251
116
28
208
208
101
5
99
195
277
197
99
247
85
270
125
24
123
260
131
284
95
221
228
39
207
32
15
187
91
290
173
65
264
269
204
187
265
150
67
221
62
238
314
186
81
247
98
249
106
232
54
220
62
151
10
202
96
0
144
276
209
33
134
262
139
273
185
22
207
56
170
20
146
148
251
98
248
108
254
62
78
210
66
259
89
240
113
113
234
122
253
169
309
92
212
36
223
71
203
44
207
52
236
58
249
110
242
91
226
122
255
60
204
304
132
47
210
104
248
103
204
93
280
158
68
205
265
260
68
152
29
37
161
165
24
208
262
168
30
153
125
23
202
47
221
31
19
217
44
220
119
27
183
38
42
217
194
277
78
196
261
200
194
36
51
232
50
237
298
102
206
36
139
307
6
102
107
239
71
80
247
79
91
231
79
231
65
59
208
78
216
6
141
33
126
232
42
171
31
43
58
247
124
34
32
174
80
210
19
122
247
71
195
262
110
218
93
276
91
267
199
89
96
227
234
65
232
48
234
47
229
45
62
153
33
167
267
197
266
188
34
33
42
214
85
252
58
59
252
115
267
92
195
272
187
82
293
117
225
43
134
257
117
243
105
223
52
230
223
41
211
55
246
76
250
84
299
86
77
249
80
80
219
110
254
252
112
248
117
127
40
133
306
256
117
234
92
224
42
233
48
203
100
93
248
83
212
263
157
15
116
98
92
311
207
286
80
277
268
75
76
283
129
301
130
241
87
251
247
103
292
314
95
182
269
66
155
258
181
91
244
111
215
113
10
143
279
74
189
79
212
51
44
229
39
129
260
66
267
210
106
291
85
250
99
287
79
208
294
84
241
241
71
268
115
123
258
160
170
32
208
54
242
51
222
60
236
97
211
52
204
290
136
312
146
42
43
206
74
210
270
82
75
278
146
65
64
48
129
29
170
177
4
153
12
147
261
161
252
78
290
201
189
94
185
68
210
193
48
137
146
1
204
279
209
291
120
25
171
182
21
123
122
283
191
85
211
53
231
236
105
216
24
113
249
75
250
242
240
108
256
122
119
11
272
77
90
227
105
3
264
142
151
58
196
193
99
231
43
141
9
8
125
36
134
49
55
225
98
231
107
208
276
75
272
68
193
263
92
225
84
232
59
150
257
203
1
14
148
49
142
9
154
31
125
108
218
51
34
177
304
155
53
229
95
86
181
189
197
209
198
212
76
213
38
221
24
117
112
234
67
264
11
108
288
84
296
207
31
42
220
65
150
26
126
8
150
62
247
57
138
54
215
33
28
163
73
183
75
218
63
57
227
59
139
308
136
41
227
102
210
146
32
177
66
248
88
200
198
282
131
248
60
247
65
216
16
188
274
185
179
87
269
193
99
275
196
269
160
21
183
90
208
211
88
249
127
134
312
96
310
101
220
73
227
55
244
63
255
127
145
130
33
45
132
305
91
275
282
129
107
207
55
159
299
88
287
135
233
62
72
235
82
250
162
21
24
177
28
119
233
52
216
203
298
300
87
215
74
229
118
312
271
121
24
242
78
214
218
109
232
109
11
154
57
54
217
92
220
87
225
49
144
264
85
262
148
243
80
267
70
172
66
227
309
141
160
257
105
253
94
245
130
293
96
95
214
102
237
88
210
103
255
146
133
42
52
238
83
77
260
139
6
204
41
224
223
76
79
216
98
314
236
85
241
58
75
210
31
127
260
149
312
204
67
246
58
224
70
211
105
94
229
80
69
243
86
217
95
234
314
183
267
164
302
102
222
111
16
211
58
149
1
99
249
90
86
190
81
219
30
178
83
194
89
264
182
1
137
305
138
4
144
35
203
29
180
24
174
185
167
143
56
247
90
185
89
191
80
209
64
154
63
258
199
259
124
258
158
307
236
64
72
270
163
302
204
50
140
53
245
54
240
65
218
46
154
280
82
239
239
130
258
256
126
38
155
58
140
310
90
216
96
92
227
100
1
291
200
214
107
209
76
180
38
208
72
284
85
82
227
42
203
6
309
143
307
94
190
184
29
154
168
76
235
246
95
215
278
98
234
83
292
98
224
37
50
236
57
215
169
10
110
258
115
133
289
197
190
191
29
178
187
44
218
222
65
203
283
120
22
126
224
77
91
208
109
213
100
113
212
277
288
162
14
147
164
68
77
167
28
181
59
148
55
237
233
56
187
17
112
295
204
212
46
147
61
258
65
55
146
55
63
156
257
197
36
126
35
123
30
126
18
114
266
95
108
218
80
79
219
215
114
255
151
16
172
273
74
263
13
145
314
206
44
130
22
218
82
181
261
121
238
113
230
101
106
92
308
104
7
313
203
171
82
213
96
183
88
219
77
242
23
121
36
226
95
193
90
246
105
232
162
256
112
15
125
257
108
278
275
72
180
164
49
208
159
19
112
218
35
208
3
97
221
86
289
79
218
91
214
89
300
108
238
80
237
76
274
184
183
177
163
44
230
89
187
48
208
71
154
12
240
119
293
108
15
2
138
232
88
228
75
81
230
88
212
59
235
133
1
128
256
123
249
92
248
236
115
124
288
125
28
34
215
38
212
265
80
269
189
218
39
124
113
248
120
136
262
130
292
101
287
203
305
102
215
36
165
78
282
96
284
110
225
46
142
9
181
83
180
192
99
233
45
224
54
207
38
125
126
257
261
152
191
34
213
44
235
117
9
157
40
229
219
91
261
127
27
220
111
10
116
252
87
100
207
268
90
298
87
104
219
215
83
213
218
61
224
85
201
309
200
280
267
201
286
209
73
204
95
192
24
185
43
132
33
176
88
81
231
85
98
310
91
292
166
192
177
83
237
236
87
214
15
133
44
236
62
206
48
136
313
306
97
215
91
88
218
53
241
73
230
57
209
108
313
129
135
31
199
35
211
169
291
195
97
107
12
144
51
236
78
168
297
198
266
182
37
135
307
120
301
141
64
225
60
221
59
247
115
242
82
80
217
87
99
245
65
152
247
113
221
215
53
142
160
63
201
206
289
297
147
22
127
256
70
207
48
204
18
123
309
310
159
263
137
294
168
206
26
121
111
242
107
10
292
122
28
201
300
207
40
192
276
184
263
200
98
286
137
3
108
211
263
133
303
99
309
161
213
59
244
81
213
98
232
66
246
82
230
47
145
313
144
310
133
262
198
299
309
162
13
159
33
193
80
68
145
312
278
193
280
285
109
217
69
216
63
254
99
307
308
125
264
211
273
122
250
60
226
39
134
123
276
301
206
35
204
200
257
122
236
69
223
45
129
262
170
291
128
131
313
148
314
237
108
115
220
80
73
230
48
211
271
100
211
106
246
94
301
135
153
63
140
239
106
205
204
40
22
11
142
311
106
200
265
153
164
162
76
175
256
104
213
113
253
100
225
39
128
242
235
47
207
260
158
71
245
124
26
202
37
225
58
141
52
140
6
253
114
229
117
103
5
263
132
257
112
225
67
159
24
217
38
211
80
168
13
52
232
74
163
188
278
118
16
124
255
72
231
71
235
74
257
249
70
219
94
305
162
302
206
291
104
217
77
164
59
223
94
214
77
175
75
224
119
103
254
265
159
69
249
74
221
32
206
57
249
87
229
100
115
22
206
188
262
145
134
233
104
256
85
212
90
225
101
206
312
135
261
94
211
92
189
87
234
108
233
83
85
179
176
218
113
296
199
277
89
303
235
70
156
146
129
278
80
292
99
205
302
90
252
301
97
312
306
95
225
38
204
98
265
210
77
277
278
89
248
79
210
73
159
172
2
204
25
29
122
279
128
33
213
61
246
51
135
44
47
237
52
61
226
69
191
93
308
22
117
223
100
198
93
231
132
280
188
47
209
40
182
75
88
179
210
310
126
311
203
41
209
213
106
289
211
30
296
169
30
196
198
287
205
197
88
250
306
143
304
122
223
55
234
45
61
165
73
278
88
296
109
225
59
248
65
247
82
291
135
300
115
240
228
45
135
310
142
313
101
87
226
47
141
259
107
9
101
202
97
187
278
261
122
22
119
9
151
265
86
223
159
72
210
92
76
214
57
204
262
202
29
118
31
220
81
187
77
247
132
40
224
48
59
197
281
211
262
128
28
221
43
49
238
53
165
264
204
91
252
133
133
299
304
94
184
185
20
122
227
129
34
308
93
212
205
296
110
224
216
97
287
87
170
172
300
91
206
306
237
109
206
30
206
45
203
307
148
132
2
314
136
253
257
71
216
115
228
91
81
263
211
85
91
254
156
20
204
261
174
182
182
39
135
126
282
98
196
103
4
102
243
139
298
126
243
233
68
78
228
50
57
240
62
165
262
111
240
102
90
242
68
224
238
72
225
68
228
53
61
171
85
295
101
314
152
159
70
206
106
314
204
217
101
6
155
165
270
209
264
112
231
224
115
267
203
98
108
217
38
203
81
209
35
227
58
153
13
148
130
160
71
209
88
90
223
87
292
155
263
256
116
105
9
6
156
261
126
258
266
199
102
113
225
224
99
230
54
246
147
282
148
258
85
181
87
216
67
265
164
158
252
86
249
163
62
246
116
16
139
0
116
116
243
92
302
89
252
262
203
27
28
169
77
170
258
132
302
1
114
246
107
101
304
120
139
138
254
73
216
109
231
58
204
292
85
276
201
99
226
54
229
45
149
152
149
266
169
14
155
60
148
283
209
83
222
89
251
129
108
249
60
69
218
52
143
162
20
181
271
155
16
107
210
308
95
187
69
261
146
165
256
98
194
100
191
191
186
61
168
308
179
32
173
66
157
16
169
160
247
68
262
210
60
253
77
208
68
235
63
221
61
214
55
240
105
249
96
262
108
4
105
95
206
61
173
33
202
0
108
247
96
304
257
119
259
143
11
3
99
215
208
85
213
97
239
49
220
35
202
207
284
75
166
204
105
212
91
99
219
58
220
225
65
230
42
206
269
5
138
138
263
88
186
12
160
294
287
270
102
216
48
219
113
294
128
238
87
69
269
203
273
86
207
304
156
22
164
253
168
83
175
305
92
187
16
158
10
313
99
259
70
242
72
244
54
76
174
169
314
138
146
63
242
86
227
64
243
91
243
78
245
121
20
189
206
87
226
118
13
108
250
79
276
206
27
205
10
141
255
87
306
119
230
50
241
56
63
225
50
242
52
208
89
218
92
191
286
193
28
195
283
284
147
17
171
257
130
41
210
72
207
26
184
97
234
85
209
43
52
244
100
111
232
45
42
139
47
227
234
73
235
83
85
176
30
21
159
22
161
211
110
234
43
204
206
273
76
84
219
111
248
123
283
193
27
28
124
44
189
282
94
103
10
160
298
117
250
120
239
149
267
155
69
67
257
124
253
98
209
34
221
103
6
148
2
105
280
120
20
25
34
207
42
208
56
145
15
105
203
16
114
236
235
45
41
232
11
7
180
26
162
68
238
104
102
220
112
241
65
153
67
209
295
86
262
176
56
242
119
222
222
118
301
283
100
243
236
79
268
203
302
94
308
202
203
46
228
55
224
47
139
307
94
297
5
9
166
80
164
193
289
297
143
53
244
62
174
262
155
14
155
35
216
103
246
55
50
144
55
40
217
48
240
143
249
146
279
79
216
218
21
139
53
213
40
205
45
56
205
7
151
10
13
14
111
301
109
216
82
71
219
106
203
300
130
237
48
212
83
211
56
238
54
72
153
165
292
283
77
82
243
63
253
119
292
111
256
133
38
33
212
45
144
249
85
96
240
60
179
69
240
94
246
111
310
97
248
105
7
152
311
109
211
216
62
171
58
209
106
252
254
101
113
256
248
57
144
265
201
103
256
110
213
297
306
175
74
208
98
228
123
28
118
294
200
191
265
203
285
95
304
164
35
130
263
113
229
121
251
105
247
134
57
245
61
223
53
207
14
114
261
263
175
70
208
6
108
243
36
129
253
176
260
205
267
186
90
94
210
211
298
129
258
90
214
47
228
236
45
208
103
209
298
201
105
252
56
60
209
81
229
104
207
78
249
122
277
121
113
219
216
66
188
190
50
207
69
196
97
88
298
161
72
187
92
75
226
88
224
117
259
188
92
198
210
272
309
134
51
22
111
253
253
159
44
204
219
40
220
41
218
32
206
295
127
294
20
112
106
204
215
50
173
266
207
59
229
116
21
131
41
134
302
101
243
136
121
280
206
39
204
103
249
109
312
239
51
237
64
235
107
226
173
265
79
184
180
8
104
255
115
271
95
240
236
53
203
261
74
238
240
56
244
73
266
146
6
138
264
207
41
215
72
240
90
228
52
50
137
242
102
103
214
110
222
121
116
245
83
252
61
66
153
264
73
179
75
91
245
74
80
246
68
236
111
211
197
97
227
39
226
105
14
109
208
61
199
244
128
237
113
16
269
116
231
228
117
220
76
196
264
175
220
68
209
102
314
148
3
146
19
109
256
120
21
293
209
69
149
64
210
208
13
143
167
60
207
66
226
42
137
43
232
57
45
192
74
250
83
277
203
103
256
171
207
56
213
79
84
271
70
154
17
151
65
261
194
64
152
57
229
69
206
80
204
9
179
269
70
166
57
222
108
93
209
284
210
275
269
277
87
237
63
232
114
214
205
217
97
192
257
63
236
61
247
59
214
96
211
213
289
100
89
204
107
244
108
270
199
81
228
57
195
280
261
134
282
80
205
88
272
142
8
151
131
303
164
11
204
55
219
227
112
268
200
286
76
264
150
53
225
121
306
123
311
151
284
97
0
132
132
35
32
126
134
305
204
206
36
31
116
110
257
257
163
258
119
106
6
14
115
218
98
215
56
74
212
106
94
247
106
255
269
68
155
127
34
173
172
82
234
292
124
24
29
242
141
292
157
2
176
81
204
68
253
92
227
76
88
221
84
88
234
78
235
97
249
154
264
146
15
127
298
137
256
125
119
23
158
306
167
292
295
105
206
211
34
24
128
254
68
174
313
97
254
193
86
256
257
107
249
64
71
246
60
206
294
96
237
46
208
33
205
192
100
210
154
247
129
276
294
90
233
49
240
117
253
106
242
109
253
115
131
298
110
229
109
127
142
312
182
211
87
222
94
106
11
101
235
109
255
133
54
216
32
216
106
221
29
127
234
61
246
69
237
86
85
173
14
119
110
209
170
80
172
161
70
83
210
53
63
208
43
136
4
105
219
108
298
100
204
297
90
220
95
249
102
255
101
211
66
178
80
223
85
