67
230
41
231
110
11
121
31
214
115
29
124
286
199
96
281
80
231
69
228
65
209
111
106
231
97
253
64
176
186
92
292
82
78
227
67
208
92
262
206
38
205
47
143
258
121
128
261
125
253
256
60
247
63
66
259
64
262
140
139
2
149
4
33
154
14
239
54
67
261
172
299
163
302
115
240
232
115
256
129
43
234
84
208
64
224
220
114
13
240
10
146
241
124
309
149
282
192
261
209
41
212
42
51
141
304
137
313
207
103
89
233
76
200
281
205
33
46
231
44
235
85
217
50
212
207
271
119
251
82
289
205
103
234
108
226
45
161
26
181
182
30
127
278
193
257
104
5
122
33
127
108
238
54
41
188
270
114
256
63
230
80
164
54
67
238
86
71
208
95
211
77
209
265
186
42
188
80
251
59
238
120
26
175
86
224
63
262
175
77
283
95
243
131
41
50
235
87
174
75
65
212
109
11
277
130
298
101
228
63
239
238
107
218
110
12
143
10
212
47
135
43
205
22
175
67
147
0
1
108
236
51
192
188
47
232
76
238
48
226
53
239
236
80
293
141
6
181
73
273
124
114
224
106
208
76
210
105
236
103
91
297
162
66
53
235
242
67
247
75
214
214
79
253
92
196
258
106
213
112
101
286
163
263
211
49
235
96
248
244
79
241
19
155
67
215
74
210
77
237
49
215
88
80
199
287
148
23
137
60
237
105
302
173
74
225
75
239
125
36
224
66
222
96
193
291
171
298
128
40
221
69
267
94
230
46
140
7
116
218
206
100
192
208
65
233
93
224
79
283
287
173
21
192
140
8
143
251
72
273
181
76
248
81
87
239
50
211
82
210
99
215
79
73
221
88
82
248
253
109
250
151
5
176
68
159
17
156
37
213
39
125
117
23
115
5
137
4
278
102
200
298
133
148
0
94
275
145
248
67
219
117
275
80
248
101
215
46
146
263
192
27
180
188
95
209
55
54
141
50
147
262
171
212
111
247
95
190
96
198
303
310
141
8
152
264
174
3
311
97
299
114
98
251
113
226
116
101
207
20
117
239
73
213
11
157
8
156
18
125
230
43
217
15
33
206
285
84
234
60
198
267
96
209
66
53
243
56
219
64
223
92
304
131
123
26
167
76
173
80
245
55
66
208
104
202
17
113
110
210
35
165
305
119
248
64
215
80
77
166
293
233
75
253
68
170
17
214
100
214
24
159
309
206
292
210
69
219
109
115
259
205
194
69
235
54
225
27
187
212
85
71
238
88
227
43
212
198
294
156
305
125
244
66
261
209
38
35
212
111
221
101
205
83
172
159
297
128
246
57
223
103
115
225
39
222
37
220
47
54
227
77
250
90
302
86
248
147
18
171
86
244
244
131
39
215
76
224
51
234
69
76
225
41
50
224
43
186
270
82
199
282
97
190
32
128
26
131
0
145
155
7
207
49
38
216
46
233
43
131
261
71
207
46
234
100
218
61
60
215
84
240
88
178
25
166
51
207
266
69
160
18
112
230
86
208
83
242
61
216
81
270
162
211
104
2
10
142
130
33
224
103
242
230
98
250
104
9
140
5
148
132
41
4
144
52
245
77
82
219
107
213
58
204
310
148
284
85
293
126
133
236
46
238
241
54
246
254
84
290
198
170
259
123
257
89
212
106
257
295
283
86
295
81
72
222
58
223
67
224
121
282
274
119
221
93
309
143
130
123
254
158
279
89
229
74
160
146
296
170
82
222
76
63
220
93
291
166
212
102
237
86
251
159
150
2
147
61
256
105
109
217
112
244
97
225
71
244
60
138
289
102
117
219
50
214
161
23
202
292
302
202
24
121
255
108
120
249
112
254
138
3
100
302
133
297
165
301
278
90
300
150
188
46
205
9
108
254
79
288
197
85
228
96
251
116
28
208
293
110
246
99
195
276
90
244
84
168
270
118
25
123
260
131
283
121
221
228
39
207
32
171
269
198
295
173
65
184
179
84
203
265
150
67
221
62
238
3
176
268
189
98
249
106
232
54
231
62
151
10
202
96
0
144
50
209
33
134
263
85
273
185
92
207
56
154
20
215
57
251
98
302
135
254
62
55
210
280
187
89
240
113
215
18
122
253
167
307
92
212
113
223
89
203
44
207
52
228
58
249
110
242
91
226
122
255
264
204
304
132
48
210
104
248
95
99
197
92
215
68
205
265
183
268
152
29
153
17
165
24
164
256
168
260
120
125
23
160
47
221
31
37
217
35
220
119
27
196
58
217
79
200
277
91
178
194
277
205
36
51
232
50
237
7
102
206
36
139
307
105
312
129
114
228
80
185
79
91
208
79
231
49
59
208
78
216
7
141
45
48
231
42
207
263
207
58
247
124
34
32
174
80
210
19
122
247
56
211
262
110
227
93
276
91
267
202
308
96
106
234
65
232
57
234
47
229
45
12
16
170
186
267
197
266
190
47
213
42
214
85
251
58
59
252
115
231
92
195
272
208
82
293
117
225
43
134
256
117
243
105
223
72
219
47
41
211
55
246
76
250
84
178
86
78
249
80
80
219
110
254
252
112
248
117
233
40
133
131
301
117
234
92
232
42
233
48
205
106
93
248
83
170
263
157
15
116
216
92
274
207
286
80
277
77
279
76
280
129
301
130
241
87
251
247
103
204
307
95
182
269
212
213
8
181
91
232
111
215
113
10
5
239
74
189
79
212
51
44
229
39
129
260
212
267
210
106
243
85
250
99
287
79
207
294
84
68
241
71
268
115
257
258
162
157
22
208
54
229
51
222
60
219
97
211
44
204
267
150
312
146
132
43
206
270
97
207
82
185
278
180
65
190
23
134
29
212
204
4
153
12
147
14
163
268
78
290
175
189
94
274
196
99
216
48
137
146
1
203
274
190
264
162
25
150
28
29
123
306
283
191
85
211
53
231
72
54
216
219
91
249
75
280
119
223
108
256
119
18
115
272
77
90
227
101
194
264
142
164
73
196
91
228
231
43
141
9
35
181
37
134
145
55
225
98
283
80
208
268
205
272
87
193
288
92
225
84
232
79
167
10
106
114
14
148
49
142
9
110
234
243
108
218
211
34
177
304
155
53
229
98
275
181
270
90
186
75
212
76
213
38
221
112
219
116
234
67
264
208
100
288
84
296
207
31
42
220
65
150
26
126
8
150
66
247
57
138
54
215
33
28
163
73
183
87
209
63
57
241
59
139
308
141
41
227
102
210
32
32
177
66
248
88
300
198
282
131
248
60
163
62
216
16
188
94
211
179
87
282
193
99
275
200
269
160
21
183
90
208
102
88
250
253
141
312
96
2
101
220
25
194
55
244
63
255
127
262
130
228
45
132
305
91
224
231
228
40
207
55
159
299
90
264
135
233
72
72
186
82
250
162
21
24
177
28
126
233
52
216
103
7
179
83
235
104
229
95
194
21
123
303
173
78
81
218
109
232
112
11
152
210
54
217
68
220
87
225
49
144
264
85
252
150
243
80
267
70
239
66
178
309
141
129
257
105
253
94
245
105
293
199
95
214
102
254
88
210
103
255
248
133
42
52
238
304
99
7
139
49
204
41
224
228
76
83
224
98
314
238
113
241
58
71
210
171
1
140
147
281
204
67
246
58
224
70
227
219
93
229
80
69
243
115
217
91
95
313
183
67
164
302
88
222
111
16
157
55
149
1
99
229
90
86
236
81
210
73
178
83
194
89
90
182
1
137
305
138
4
144
11
203
29
222
24
174
27
169
209
56
247
90
185
89
178
80
209
5
154
63
172
73
259
124
258
158
307
97
85
72
208
262
284
204
50
140
53
245
54
240
65
218
67
260
178
82
279
313
113
258
130
127
38
155
58
140
310
90
216
214
92
248
100
254
290
200
95
107
209
76
180
38
208
72
274
188
82
227
42
203
95
310
143
307
93
261
127
129
29
168
76
235
241
89
301
268
98
211
83
241
120
131
37
50
236
57
231
101
10
110
258
115
126
289
197
72
190
29
210
187
44
218
52
34
203
101
120
22
126
224
77
62
208
109
213
100
0
186
277
78
165
14
149
244
68
155
139
28
143
59
148
55
237
233
71
187
17
123
295
204
43
203
209
61
258
65
202
212
55
57
168
257
175
36
126
35
123
30
202
20
114
266
97
108
218
66
65
219
215
114
248
151
16
210
273
74
263
136
145
314
206
44
130
22
180
82
175
261
121
259
141
5
274
21
121
308
104
200
301
203
285
82
213
314
183
88
219
54
242
23
121
36
226
93
193
184
93
96
232
83
283
112
15
111
257
108
294
275
72
165
164
27
34
159
19
111
218
35
208
312
97
221
116
289
95
218
48
214
89
254
102
238
80
237
76
274
184
10
145
57
237
230
89
239
48
208
71
154
12
240
125
293
108
15
153
313
258
88
228
75
81
230
88
212
59
246
104
258
128
260
71
249
92
244
236
302
123
32
125
30
34
133
121
34
212
82
269
191
186
276
124
119
24
120
253
135
126
292
83
287
203
305
168
215
36
218
102
282
96
284
110
225
46
150
9
166
294
158
192
99
233
45
224
54
207
38
125
136
289
195
277
191
34
222
44
235
117
270
156
40
229
70
87
261
127
34
220
111
10
15
113
252
100
207
268
90
85
199
90
219
215
83
293
158
61
224
85
201
274
200
280
273
201
286
209
73
204
95
192
24
185
43
226
33
178
271
81
231
85
98
310
97
292
156
70
177
84
73
236
87
214
39
133
44
236
89
206
48
136
313
306
97
215
91
223
218
112
241
73
230
57
209
108
313
129
119
31
129
35
211
164
291
195
214
108
12
144
51
210
78
168
297
200
266
210
37
145
307
91
301
141
62
225
100
222
59
247
115
250
244
80
217
111
99
242
65
152
247
113
221
215
53
142
160
296
201
288
199
105
113
22
192
86
70
207
48
204
18
123
308
13
154
263
178
294
168
206
26
121
111
242
107
13
27
122
303
201
300
141
273
180
75
265
263
200
98
286
204
12
106
211
263
133
303
132
309
201
210
59
184
81
213
98
214
66
246
82
231
47
145
313
144
310
133
288
198
203
309
162
13
164
6
203
314
137
145
312
100
193
279
94
109
217
69
216
63
254
99
202
293
201
264
211
273
122
250
60
55
137
142
51
226
102
206
35
314
200
257
66
228
44
223
45
129
30
170
291
128
37
313
147
145
308
92
107
220
59
69
232
48
211
271
100
236
106
246
94
301
135
251
63
60
239
106
205
261
109
125
11
141
311
285
200
265
198
173
210
76
172
256
104
213
113
253
71
270
115
249
127
235
47
207
260
158
71
245
125
26
216
37
225
58
141
52
140
6
6
114
229
92
103
5
139
301
300
112
225
60
159
70
217
99
211
80
168
13
105
232
74
180
152
265
149
16
124
255
72
224
71
235
90
89
245
70
219
94
305
98
311
143
291
104
217
77
164
59
223
94
214
77
229
75
224
119
103
254
155
162
69
249
74
163
21
148
57
249
87
229
100
115
12
12
166
262
145
243
233
104
220
53
212
90
225
102
239
312
135
261
194
268
92
296
87
228
108
233
240
85
183
29
218
113
265
199
277
89
303
86
70
264
146
129
278
80
240
99
267
303
90
252
111
7
16
9
113
225
38
230
79
265
210
62
200
183
89
248
79
210
73
161
172
2
204
25
29
122
279
128
33
135
56
246
51
135
44
234
237
52
61
226
70
191
93
190
22
117
223
100
198
93
231
124
279
188
74
81
272
182
75
157
264
210
70
150
7
203
41
50
213
199
289
211
112
296
169
295
94
86
290
103
299
88
207
306
143
305
122
223
55
234
45
187
165
76
278
88
289
109
225
63
248
65
247
82
291
135
300
115
223
230
45
140
310
142
313
101
90
226
47
141
2
238
311
101
202
97
1
177
261
122
22
24
32
151
292
86
270
159
72
210
84
224
223
106
204
262
201
29
118
220
220
81
187
77
247
132
40
224
57
59
197
60
211
262
137
46
221
228
51
238
53
165
264
204
91
252
133
133
299
304
94
294
177
20
122
249
83
297
308
93
212
205
296
110
17
216
97
208
87
81
172
300
171
206
306
237
109
208
30
206
45
203
210
262
132
1
152
60
74
278
71
216
115
236
48
203
263
211
81
83
268
156
20
162
261
167
27
203
39
135
126
312
98
197
103
4
102
243
148
298
126
238
233
68
229
63
152
57
240
16
165
262
111
263
87
175
265
68
224
217
47
225
93
228
53
61
171
200
299
99
314
152
208
70
244
106
314
204
273
101
6
152
9
13
202
264
112
231
224
115
267
203
298
108
217
38
203
281
209
44
227
58
145
13
148
307
160
71
214
295
107
223
87
69
154
61
254
116
25
136
6
156
261
126
258
62
199
102
113
102
224
99
245
54
246
77
281
127
258
166
181
87
216
112
212
283
158
252
86
249
256
62
246
116
125
308
134
118
249
243
92
302
89
252
261
203
36
128
288
77
171
258
131
295
130
114
246
253
101
0
0
139
134
254
73
216
108
231
77
203
292
85
210
205
99
226
228
79
169
68
152
149
266
206
280
207
60
148
283
209
83
220
89
251
128
108
221
64
69
166
10
143
3
157
174
163
265
141
303
103
219
95
187
195
102
235
81
198
98
194
182
191
95
212
61
168
308
179
177
265
66
157
16
168
159
247
68
262
150
60
253
77
208
68
235
63
221
61
214
55
240
129
249
123
291
127
248
253
95
206
61
173
33
202
103
249
247
96
103
257
119
259
305
103
3
109
207
208
85
213
97
239
49
131
35
36
207
284
75
283
204
105
212
91
99
219
58
220
225
65
230
42
206
99
5
311
164
263
91
186
12
160
312
166
270
125
229
48
219
113
257
73
238
87
196
270
203
273
86
207
304
156
22
163
253
168
83
175
305
92
187
16
152
294
313
103
9
123
246
72
244
54
237
307
169
314
138
153
63
242
86
227
64
243
91
233
78
280
121
20
189
73
87
226
112
13
108
250
79
276
206
264
158
10
107
255
87
301
119
230
50
233
56
137
139
50
242
52
208
89
218
92
283
286
193
70
195
90
280
147
20
171
257
127
41
210
72
207
41
184
86
245
85
209
43
52
244
101
106
229
45
42
139
47
227
60
73
91
275
85
176
305
21
159
22
161
211
105
234
49
213
206
273
76
84
219
111
248
123
283
193
27
27
124
28
189
282
94
103
10
160
298
117
250
120
239
140
264
155
18
161
288
124
253
108
209
90
221
102
6
148
2
100
224
120
20
132
34
207
42
208
56
146
11
105
203
98
231
60
235
45
41
232
44
7
180
300
162
68
238
104
108
220
112
266
65
154
67
209
211
86
262
158
156
21
119
222
222
118
19
283
100
243
236
79
268
116
224
94
208
58
136
46
228
55
224
48
139
307
94
213
5
164
287
80
272
279
197
297
143
53
244
67
174
262
155
14
155
35
216
95
246
55
146
144
55
60
217
48
48
140
146
146
279
79
216
218
21
139
53
213
40
205
57
55
205
8
151
10
156
14
111
224
109
216
82
71
219
106
203
300
130
237
48
221
83
226
56
59
245
72
173
165
292
283
196
82
243
63
253
149
286
111
256
132
38
33
212
16
155
291
83
233
240
60
208
69
240
73
249
125
252
97
248
105
7
152
71
230
49
216
59
248
58
209
106
252
254
122
113
256
143
57
144
265
201
103
217
110
213
90
306
175
74
208
98
227
220
28
118
22
191
191
265
192
285
95
304
176
35
130
26
113
229
121
251
105
110
243
57
245
61
223
62
207
24
114
252
95
256
70
208
6
108
123
36
129
297
139
260
179
32
186
81
94
210
36
37
129
293
200
159
47
237
236
45
208
103
89
298
201
105
252
56
60
209
81
189
66
203
80
249
105
304
121
256
107
216
66
148
149
50
207
290
196
181
88
298
161
72
57
207
33
192
88
224
117
259
188
91
198
260
209
301
134
51
146
157
73
253
159
190
49
219
40
220
41
218
32
206
295
127
294
106
292
298
204
269
68
151
266
207
59
229
116
21
131
262
134
286
79
245
111
217
94
206
39
204
33
222
109
100
239
51
237
64
235
106
226
97
232
79
184
278
8
104
255
115
271
89
227
236
53
203
258
74
238
138
51
244
57
62
155
6
138
264
169
77
215
72
240
107
226
60
232
137
2
133
240
233
110
222
120
116
245
83
252
61
67
153
264
72
234
75
78
245
69
78
246
68
236
111
211
189
97
227
39
226
105
14
109
208
61
199
302
128
237
304
301
171
82
233
228
117
220
103
196
264
200
193
26
204
102
314
148
3
146
19
109
12
120
107
293
206
69
158
68
174
23
13
143
245
60
207
66
226
42
137
43
232
237
45
192
74
250
144
277
203
103
256
262
207
45
213
79
282
76
156
150
17
151
65
261
210
64
152
50
229
107
206
80
204
9
180
270
70
242
57
225
108
16
133
284
78
275
123
277
87
237
78
214
114
214
205
308
97
192
155
63
236
61
247
59
219
96
272
188
187
275
89
204
107
244
93
283
203
81
228
57
195
281
311
134
306
1
205
88
272
142
8
17
145
303
164
11
152
31
46
227
69
268
200
286
132
264
150
53
225
121
306
109
311
201
284
97
0
132
132
35
29
126
31
122
307
206
288
17
116
243
122
257
116
258
119
106
6
312
94
218
98
243
248
74
212
106
94
247
106
255
118
231
243
127
34
173
172
82
234
237
124
24
14
10
141
292
163
67
232
81
72
68
222
92
227
76
80
221
84
88
234
74
235
97
249
136
264
147
311
127
298
137
256
125
119
23
157
306
167
292
295
105
206
211
30
24
128
254
68
188
265
156
4
182
86
298
235
59
249
64
241
246
60
143
294
96
237
46
208
33
214
196
100
210
52
246
129
300
87
243
233
49
240
96
227
106
5
100
253
134
139
298
110
229
109
248
142
312
107
211
87
222
94
205
11
142
235
109
255
133
54
213
32
216
106
221
52
52
234
61
246
69
237
309
110
215
14
119
110
209
74
159
262
161
70
83
210
75
261
208
43
136
3
105
219
108
241
100
204
297
90
220
95
300
102
255
101
211
66
171
80
223
85
