41
197
34
206
110
20
138
6
23
209
265
110
286
199
196
281
80
287
125
269
261
114
217
106
292
97
279
123
302
293
92
306
281
224
227
67
152
169
25
129
38
230
50
243
199
99
277
120
254
253
152
60
247
170
192
259
198
291
124
148
2
129
140
267
126
232
242
55
67
165
8
180
140
5
115
230
226
115
264
204
99
234
144
115
248
130
241
131
144
163
147
309
133
33
182
205
53
192
214
111
108
212
139
48
141
123
35
123
121
94
227
80
270
172
281
121
2
138
57
236
235
60
183
43
23
161
30
119
251
82
220
205
9
101
106
135
259
161
52
227
131
2
33
303
140
257
195
302
48
228
217
194
238
115
33
188
270
114
256
81
230
92
219
145
128
93
190
293
85
95
211
60
209
265
186
81
258
150
251
258
91
120
26
191
86
218
285
262
172
77
236
235
78
122
36
50
135
2
181
64
65
177
35
126
125
285
139
56
141
63
239
52
174
1
184
257
129
10
203
47
135
12
118
22
203
0
177
5
105
108
209
262
267
96
0
295
127
239
48
7
53
239
235
80
83
206
6
162
73
251
137
114
224
110
208
76
75
212
279
83
259
297
162
156
146
146
242
69
189
29
187
201
228
104
92
239
94
305
213
94
221
106
211
24
135
43
235
96
99
247
79
241
267
208
67
62
74
264
206
215
301
144
163
27
151
160
161
169
185
62
220
105
302
173
74
225
40
239
125
283
224
112
222
34
193
255
171
75
196
40
221
217
131
270
159
46
215
273
116
230
218
100
87
208
88
248
93
99
218
104
286
171
21
15
166
49
143
62
199
273
78
76
248
71
74
239
50
194
296
179
109
215
20
156
38
123
136
285
278
158
250
140
3
255
68
160
17
156
28
213
39
18
117
23
178
244
121
262
273
302
133
140
133
284
294
125
275
152
156
67
219
117
287
95
248
57
11
47
146
6
121
27
180
188
45
49
55
142
141
1
147
127
287
93
112
247
95
190
73
278
181
43
141
257
117
265
140
4
282
95
299
235
116
274
293
219
116
101
312
145
117
239
73
213
14
157
280
156
20
25
190
43
154
15
33
216
73
62
234
12
104
217
299
209
282
104
243
112
218
113
223
285
287
310
123
26
167
15
173
80
245
55
217
101
305
202
31
216
111
32
26
165
232
119
263
70
215
61
77
91
181
272
75
253
183
255
137
255
99
203
18
159
8
207
177
80
216
175
262
122
285
206
78
230
235
56
241
39
302
226
87
55
238
75
212
221
59
214
294
127
305
101
244
66
261
107
7
32
228
111
253
101
205
83
289
195
259
112
246
70
83
232
119
124
39
133
37
206
45
43
234
103
250
90
302
138
43
195
18
153
129
211
38
131
39
185
76
230
51
234
243
76
225
41
229
151
43
186
249
74
201
282
96
190
32
117
131
300
195
27
165
285
100
284
206
7
92
233
177
173
261
104
294
293
201
192
218
61
209
294
77
197
18
206
33
28
20
190
262
69
160
18
112
99
213
81
83
186
13
75
167
270
79
211
114
3
150
134
130
33
224
103
292
2
98
246
104
288
105
309
126
253
263
178
23
52
245
246
82
219
105
283
289
304
310
201
240
85
302
132
298
236
116
7
310
53
246
248
84
285
194
27
281
123
279
89
212
106
120
296
250
86
232
82
71
222
100
221
67
224
121
119
125
121
221
93
226
18
14
125
254
194
313
89
250
73
26
150
151
170
55
217
62
63
220
93
291
93
248
62
260
86
251
159
28
123
147
61
147
37
44
200
93
143
71
225
117
245
116
113
153
98
286
73
74
214
10
105
202
292
126
308
107
121
255
108
305
264
112
313
78
288
127
238
91
217
165
301
60
235
195
198
184
46
46
9
9
204
200
273
77
11
213
187
266
116
28
196
208
101
5
202
290
265
185
99
246
91
111
9
66
37
164
131
264
95
225
53
39
206
17
121
187
91
290
78
74
214
183
68
254
156
148
17
221
72
95
254
158
81
247
70
278
118
19
54
220
62
144
241
110
215
0
144
169
211
33
134
262
139
273
185
22
207
16
170
41
146
12
154
98
248
108
254
69
78
210
42
37
107
240
113
241
234
122
268
137
285
276
212
36
223
71
190
31
207
52
236
58
249
110
250
99
231
122
255
60
204
306
135
47
210
104
248
103
204
93
205
158
25
205
308
100
246
152
29
37
177
31
24
283
292
123
30
153
150
28
252
126
20
31
12
165
297
308
187
8
120
38
35
226
194
277
78
159
283
276
194
36
11
207
50
219
304
102
206
36
201
271
6
1
107
276
71
80
247
79
77
231
79
231
65
262
263
78
241
300
144
31
126
294
298
147
247
92
52
171
152
31
170
174
80
220
12
122
247
71
201
262
145
218
83
101
91
267
189
288
83
195
223
65
107
69
234
47
223
198
28
19
17
136
269
270
212
188
52
201
54
208
276
252
141
59
252
115
110
312
195
33
197
82
288
290
225
43
165
257
117
286
127
233
52
126
225
41
211
55
228
178
229
184
230
265
167
277
80
215
233
65
254
252
151
209
311
127
40
133
258
270
93
181
92
180
72
233
126
275
100
111
251
112
123
264
144
15
145
0
158
311
96
207
271
97
87
159
76
266
129
112
104
235
87
107
239
103
103
314
205
181
156
66
155
17
103
115
4
111
215
46
12
143
150
194
266
264
212
51
129
229
39
25
25
151
267
210
89
291
199
198
198
287
79
165
294
91
246
241
71
268
250
123
258
160
170
32
175
53
242
87
191
60
236
97
104
211
207
50
159
42
155
41
43
157
74
83
270
189
75
278
124
266
67
48
129
29
170
207
297
153
12
18
213
104
252
78
191
201
13
177
17
23
115
27
51
52
146
12
104
285
209
13
28
23
171
182
21
123
122
283
286
85
241
52
231
236
105
216
24
147
249
75
250
242
240
108
256
122
223
143
249
77
121
302
230
115
2
68
190
58
255
193
99
298
43
136
30
165
211
25
134
11
196
253
149
292
107
73
265
229
272
182
163
310
92
296
84
255
72
147
3
210
3
14
148
49
215
9
122
18
125
106
242
51
37
177
277
145
53
249
95
268
181
222
105
62
198
212
76
202
38
145
295
4
6
234
70
264
13
108
141
142
166
26
118
42
220
65
159
26
126
273
154
62
218
108
138
158
215
33
160
258
259
182
157
218
63
57
55
59
139
308
137
307
223
102
278
114
32
202
16
280
248
189
188
282
93
248
60
219
65
146
16
9
193
288
194
44
213
51
165
190
257
269
160
21
197
283
208
75
88
249
127
124
312
96
259
101
220
73
162
295
243
63
245
101
145
54
33
45
132
281
91
213
282
129
126
8
29
159
299
130
252
244
233
247
72
177
81
250
162
21
27
177
11
119
233
78
290
203
303
171
87
215
221
229
118
218
299
121
24
194
79
214
270
109
232
109
11
16
236
88
217
84
297
101
205
303
135
264
85
301
151
243
80
267
70
172
150
164
249
141
160
257
130
33
109
245
130
258
63
147
218
102
284
88
100
103
255
102
133
42
276
254
83
77
260
139
306
204
41
34
190
271
128
271
271
174
236
85
241
236
46
223
31
127
260
188
38
204
69
229
78
51
126
293
105
94
280
80
192
243
114
217
95
234
164
183
64
164
302
232
122
111
302
172
58
153
1
99
244
90
179
190
81
218
284
268
196
194
161
264
182
171
296
305
138
4
135
266
173
163
218
196
252
105
84
63
56
247
90
286
290
191
89
197
34
168
63
68
199
249
113
305
118
307
211
37
207
76
289
266
204
50
163
150
245
76
250
65
218
46
154
61
82
239
239
135
98
256
192
270
155
58
140
310
90
216
188
178
286
287
115
220
284
230
107
209
76
174
311
208
280
284
85
253
227
81
211
6
2
150
309
94
190
184
29
180
191
76
235
246
95
151
264
98
234
83
25
79
229
202
52
135
312
18
169
10
110
243
115
133
269
197
257
191
17
61
187
199
286
222
65
188
283
120
22
126
279
77
91
208
42
198
275
113
212
113
288
162
14
147
31
178
77
205
28
181
27
148
45
51
233
56
164
17
174
295
204
212
46
147
60
258
193
40
146
264
63
156
40
178
36
126
35
205
30
31
18
114
266
264
193
218
80
110
219
240
60
255
151
16
172
223
74
216
211
190
42
206
45
130
142
180
87
181
261
137
254
113
230
101
106
238
308
104
305
314
203
68
182
196
61
90
77
275
191
268
278
121
236
42
181
231
90
277
117
115
166
32
112
15
125
257
113
188
278
72
162
164
60
185
159
19
112
218
35
208
259
125
221
84
198
79
218
93
214
89
112
108
238
80
63
83
183
193
31
177
202
44
230
200
257
254
149
71
154
12
240
119
127
143
140
2
138
232
88
228
88
81
230
114
212
167
25
177
1
310
256
123
249
113
145
77
115
124
310
152
20
109
215
38
197
229
80
216
189
18
39
127
113
238
284
136
233
130
280
101
302
203
67
241
203
36
165
161
56
96
113
25
225
46
217
312
171
82
189
217
99
233
124
224
54
226
38
125
241
255
240
139
159
34
213
196
235
117
166
105
5
188
277
91
261
174
27
220
111
10
116
252
83
100
207
79
210
298
129
267
219
105
98
213
61
233
224
31
201
309
200
32
259
126
304
211
73
204
13
192
24
185
17
204
33
221
88
225
231
85
98
310
166
292
282
22
223
70
237
79
39
214
144
39
44
236
139
225
48
136
301
251
97
305
89
88
218
53
195
73
230
57
209
108
249
129
135
293
290
35
213
68
76
195
197
81
296
144
51
236
78
168
264
149
26
182
37
27
117
120
301
141
67
250
60
221
59
247
115
242
184
76
243
115
99
245
65
143
247
83
201
157
53
82
251
185
21
206
92
274
147
49
127
24
70
207
88
216
18
123
261
310
131
8
137
266
281
191
37
270
100
310
131
284
162
36
28
201
30
207
34
192
276
184
53
200
98
259
137
3
108
211
281
133
263
95
285
25
223
59
16
81
252
98
232
66
246
147
211
47
145
155
144
310
133
32
200
88
53
49
47
144
33
193
208
68
172
173
272
193
280
285
109
217
69
216
185
228
99
12
258
125
44
167
158
59
259
63
149
39
134
134
258
188
206
22
204
200
286
132
266
69
223
120
129
262
164
18
128
32
313
148
4
230
141
310
176
80
239
230
48
211
266
100
211
106
246
304
301
135
153
63
247
239
106
205
224
40
138
11
142
310
30
217
2
153
242
94
65
224
2
104
16
113
150
55
225
39
118
258
90
54
61
10
159
71
220
124
26
201
37
159
58
145
52
140
58
253
114
34
16
112
242
263
132
257
112
281
153
159
22
25
38
211
80
36
140
52
226
206
61
206
278
118
16
193
270
103
231
71
157
74
174
192
103
219
94
248
201
7
206
291
205
87
243
242
59
223
94
214
77
175
59
231
223
103
254
186
71
69
257
74
154
32
206
65
82
213
84
125
9
273
196
199
262
145
308
233
112
128
87
212
93
225
176
272
269
135
253
12
185
99
307
87
234
108
220
83
85
236
29
278
288
296
199
292
89
246
27
11
156
146
256
64
80
188
99
237
302
90
295
301
201
295
43
95
225
29
204
94
265
177
74
264
93
89
249
128
274
70
74
171
26
204
24
141
122
225
128
263
3
142
61
51
200
191
238
237
80
68
226
278
197
93
302
22
115
223
100
198
93
284
143
263
155
140
41
40
160
75
76
180
178
310
0
12
203
41
161
213
106
269
211
30
175
169
30
196
198
199
55
188
88
250
133
115
239
122
273
70
234
142
187
165
73
236
203
296
112
225
59
39
125
244
82
291
212
45
127
116
228
53
213
310
142
313
101
282
233
47
141
258
107
9
270
73
79
187
136
261
122
22
119
9
151
249
86
223
159
72
210
92
76
214
57
133
304
109
19
134
31
220
83
282
119
247
132
40
224
48
196
197
289
211
262
128
251
221
39
201
222
53
165
55
163
64
252
159
128
304
306
94
225
185
20
122
21
129
143
308
93
309
181
18
110
224
116
97
287
87
239
61
300
296
286
306
130
304
206
63
43
45
203
186
184
232
127
314
133
253
251
71
238
66
278
299
114
263
211
85
179
274
113
20
222
58
42
124
309
39
135
117
282
98
196
103
4
102
256
101
298
126
239
233
68
231
163
211
57
240
62
161
250
111
240
248
112
242
113
148
67
264
206
26
151
53
61
198
23
153
140
294
152
259
259
206
106
314
90
101
101
6
155
181
270
202
282
191
231
104
115
10
203
3
108
217
300
249
81
284
156
166
3
153
60
205
289
257
97
209
196
90
223
87
212
303
151
256
116
146
9
22
174
33
164
174
151
247
102
113
225
224
99
230
100
236
147
135
1
258
85
187
87
216
67
310
10
158
252
86
226
178
62
241
116
123
143
261
281
59
240
92
83
89
295
170
203
27
28
193
77
248
258
132
48
1
114
246
107
101
145
311
122
138
254
73
203
109
150
85
221
292
85
276
79
233
199
61
229
45
205
94
141
266
33
14
155
60
148
283
209
83
222
136
251
129
108
249
151
69
218
52
211
161
20
166
240
143
276
107
210
67
177
243
69
261
146
62
233
98
313
189
191
26
163
303
201
80
167
32
210
190
147
16
3
120
291
68
153
238
60
253
77
266
122
142
46
221
212
214
53
240
105
247
165
130
123
4
147
287
206
84
277
96
193
0
150
260
144
304
257
119
290
143
11
208
309
301
208
40
23
151
239
49
241
15
9
172
284
146
181
204
105
212
91
99
8
24
63
225
65
228
42
180
3
162
164
256
74
191
186
12
130
294
228
216
115
216
48
219
113
112
311
238
71
69
260
203
273
86
271
168
156
22
134
307
17
166
175
82
178
187
77
158
291
96
290
295
112
249
72
244
58
307
219
5
303
307
212
63
242
51
213
200
247
81
243
78
261
121
15
122
206
87
299
118
314
108
230
79
94
106
12
205
226
111
172
87
69
220
230
50
217
56
58
225
50
242
53
72
188
272
92
309
286
200
58
195
283
143
16
17
171
257
130
41
166
302
207
70
184
95
234
85
167
252
73
241
100
111
232
45
199
29
47
228
208
73
261
85
85
176
56
154
159
22
165
201
75
213
56
204
206
77
271
93
295
111
230
123
43
193
197
28
124
3
189
282
111
299
10
160
298
117
251
120
7
148
254
155
61
232
244
140
312
98
228
86
221
105
6
148
285
258
137
120
242
200
294
220
93
227
22
183
15
105
203
16
114
258
235
45
25
14
153
7
119
26
162
171
238
104
102
220
112
229
273
153
66
209
215
191
262
174
56
242
164
22
23
118
301
208
100
216
236
79
268
203
302
274
273
184
12
195
228
59
224
47
206
270
121
241
209
31
284
80
174
193
291
249
198
53
244
61
158
38
159
14
155
139
216
103
307
251
68
144
55
111
217
48
240
143
3
146
279
79
216
22
311
139
13
213
72
205
45
126
232
7
151
45
187
195
6
129
291
215
82
129
289
190
203
309
118
237
137
230
83
192
56
238
135
5
182
176
286
93
77
157
243
113
253
108
134
300
274
133
38
51
212
45
144
249
98
66
240
60
196
311
250
94
246
111
25
259
248
105
7
286
129
0
211
47
140
171
58
216
106
252
151
275
194
256
140
57
179
23
158
207
203
10
213
111
260
175
74
232
67
228
123
28
118
25
0
133
265
277
285
203
241
164
35
87
263
113
124
121
251
84
247
107
129
245
61
54
27
207
14
114
264
263
196
69
204
265
108
254
36
129
227
183
260
205
88
186
94
94
229
177
19
129
238
90
214
113
239
11
163
208
103
93
275
201
105
70
56
83
209
81
279
106
104
78
249
83
276
121
109
131
150
66
19
188
50
207
296
196
97
212
298
161
50
187
87
220
220
88
224
62
259
255
92
198
17
218
132
242
240
22
111
253
257
159
306
204
193
40
220
60
122
32
206
295
127
135
244
112
15
211
198
93
197
265
207
176
22
221
21
120
307
134
276
101
247
251
310
183
206
39
204
103
226
109
101
239
51
221
64
235
118
244
172
264
79
184
180
202
104
309
115
271
113
240
236
53
179
219
74
219
236
56
244
83
266
125
117
138
300
208
45
215
89
273
90
228
52
50
137
242
117
278
214
110
216
99
116
38
125
231
89
243
257
264
73
179
90
109
264
138
248
250
68
236
111
127
308
231
227
39
224
105
290
109
208
54
232
168
29
237
113
121
269
116
231
91
117
126
265
150
30
94
220
68
245
102
245
148
3
213
19
109
256
120
229
195
209
69
72
64
218
275
257
73
218
60
158
269
223
42
167
8
232
57
226
192
98
250
256
277
203
225
8
171
27
139
277
92
176
6
204
19
17
151
185
261
176
22
152
57
229
69
206
302
204
9
179
269
65
166
57
222
108
93
248
102
282
128
267
277
87
219
87
260
114
214
40
301
97
192
257
63
236
61
223
59
214
99
213
70
284
100
205
216
108
244
241
263
199
51
225
57
195
86
229
121
282
190
216
88
305
182
8
151
131
16
164
173
31
46
150
135
111
268
261
252
76
185
313
53
237
178
306
170
170
303
229
97
0
1
132
44
32
126
19
49
204
32
36
124
270
110
239
136
307
264
259
106
6
14
114
125
53
212
64
181
212
106
229
121
106
127
269
68
155
127
34
173
179
82
234
292
124
240
28
124
141
292
157
36
176
81
204
159
253
116
236
115
154
73
84
245
234
227
235
231
249
178
21
152
124
128
302
137
256
125
109
23
158
293
167
292
288
269
76
211
34
24
191
254
68
265
309
99
295
172
86
256
257
107
250
64
138
246
51
98
242
134
29
59
208
33
29
212
100
256
90
223
129
276
174
158
233
49
226
126
260
106
242
253
120
36
204
255
110
229
109
269
142
312
182
196
87
235
94
106
274
101
235
109
255
133
54
216
212
2
106
221
42
66
164
61
255
69
237
86
190
173
14
119
110
210
101
80
261
161
70
279
174
177
260
146
58
136
256
60
221
108
105
100
204
297
96
219
219
7
102
255
70
211
66
178
80
223
85
