41
230
96
247
55
231
49
53
134
2
207
81
286
80
196
281
80
231
69
228
48
46
235
106
231
97
253
127
36
221
92
76
281
78
227
67
248
82
262
129
38
230
50
138
258
121
277
93
254
154
187
60
247
63
223
72
157
262
154
148
14
149
4
174
75
245
132
55
67
165
172
299
140
5
113
228
122
115
256
311
99
268
113
242
248
78
241
114
13
163
261
134
133
283
4
205
23
202
261
209
108
212
42
229
39
218
35
123
290
94
183
80
270
200
281
207
49
138
57
236
235
85
217
40
49
152
30
119
271
82
295
205
104
101
235
128
41
127
127
41
131
30
125
14
115
257
104
208
48
209
9
108
238
115
16
170
299
114
256
63
230
92
90
208
69
177
87
83
208
95
211
77
209
265
186
81
245
85
226
60
240
120
26
175
86
249
118
278
188
86
236
143
243
248
59
50
245
128
19
168
73
210
32
126
10
104
216
56
228
109
224
52
209
1
103
9
143
10
212
111
214
36
206
22
139
0
147
314
105
242
236
51
245
96
110
295
127
239
48
226
53
239
88
80
184
90
83
181
73
251
106
114
224
106
208
76
210
97
233
106
292
297
129
143
53
146
242
69
186
279
187
45
51
237
92
304
94
106
213
94
217
87
211
263
135
43
235
96
248
90
251
241
57
208
71
220
74
210
206
213
89
192
264
64
151
5
16
169
159
60
220
105
304
173
74
227
65
239
125
116
224
112
222
96
193
72
171
298
128
40
221
69
219
93
227
46
140
8
109
232
96
204
4
148
65
248
103
212
94
283
76
285
159
262
166
61
152
262
72
273
213
76
248
64
61
239
50
211
73
225
56
247
72
155
19
125
243
78
264
158
17
114
213
217
68
159
17
176
37
213
96
5
139
160
36
136
129
281
121
30
133
298
204
284
294
129
275
145
156
67
244
92
287
80
248
100
219
62
146
263
121
27
180
274
83
245
55
148
0
1
147
308
140
301
112
233
95
224
73
65
214
48
141
8
182
265
211
8
239
95
1
102
116
18
113
219
116
274
199
207
109
239
73
213
75
157
8
156
20
157
39
212
203
33
33
206
197
84
234
102
104
305
96
209
62
53
243
103
219
83
223
92
180
310
123
26
167
76
173
80
212
55
217
111
104
202
101
216
111
221
62
165
16
119
248
70
215
80
77
166
305
274
75
268
176
308
169
255
99
214
18
159
309
2
177
64
216
116
29
122
259
206
261
69
235
54
217
64
51
212
87
248
61
75
212
86
284
200
294
131
286
101
244
66
261
199
94
92
305
95
253
101
205
85
289
195
266
112
246
57
46
232
120
225
39
222
37
220
38
134
234
103
221
90
252
124
43
202
18
119
220
50
38
131
39
216
76
230
46
234
85
76
225
41
229
224
56
59
249
115
253
0
96
190
32
128
236
300
233
76
165
7
100
9
166
206
103
227
37
131
261
204
199
293
201
100
218
61
209
103
272
169
286
206
21
174
65
190
268
69
160
18
208
38
213
81
250
71
212
60
167
82
81
211
202
3
150
9
130
33
224
103
292
206
98
246
104
294
108
6
139
238
88
193
144
52
245
77
82
219
107
231
243
104
209
86
292
141
264
135
118
236
46
238
52
54
244
76
84
285
194
27
124
276
279
89
212
106
245
108
233
43
232
82
215
222
88
240
67
224
121
119
237
127
247
93
309
304
121
125
290
163
185
89
229
74
66
263
151
50
38
217
62
63
220
93
246
102
212
105
251
86
297
133
13
185
147
280
205
37
214
187
93
190
97
225
71
254
116
131
304
176
306
157
52
215
108
105
202
261
126
241
107
254
255
108
111
264
112
124
138
48
139
237
91
210
165
301
91
100
195
55
233
136
39
38
180
89
85
273
77
85
213
58
251
116
228
44
218
110
5
99
195
274
101
253
246
85
298
148
24
123
229
56
252
80
221
228
39
207
32
212
187
91
287
100
246
54
221
68
148
265
204
67
221
72
236
130
279
81
232
106
17
118
232
54
231
62
144
10
110
213
13
144
45
211
36
134
262
124
273
185
22
112
16
152
265
146
12
36
129
248
108
254
246
78
210
75
255
89
240
113
125
307
122
296
169
169
261
210
36
223
66
203
44
207
52
246
58
249
124
250
98
226
122
255
188
188
42
135
47
210
104
236
103
204
300
138
243
68
205
51
56
246
123
29
177
73
165
24
130
292
123
30
153
150
9
37
25
164
288
212
43
132
308
202
277
183
38
42
127
286
215
78
80
283
199
194
36
51
207
50
238
107
206
38
36
139
307
91
102
5
239
238
80
247
95
91
231
79
68
65
262
208
78
216
6
141
2
136
294
298
132
31
197
58
247
152
174
32
150
70
210
290
81
247
75
164
262
67
205
83
251
91
267
116
218
96
227
53
65
232
48
234
47
229
40
205
36
33
131
148
285
88
91
219
59
208
214
85
252
155
59
252
118
274
92
215
33
210
82
288
81
225
43
49
233
117
12
105
233
52
62
224
41
211
55
246
118
287
199
299
164
77
249
250
80
233
110
254
135
142
8
152
53
40
133
284
270
93
234
83
259
72
233
126
313
100
203
105
112
212
264
144
56
145
276
92
235
44
207
269
159
265
263
74
283
158
247
105
235
241
109
255
100
272
278
205
54
228
71
155
258
114
244
242
111
211
158
10
142
262
275
189
94
244
85
292
203
39
129
260
178
267
210
106
291
85
250
99
287
79
208
217
91
241
235
71
268
115
130
258
160
251
81
208
54
247
85
222
50
236
97
277
211
98
209
211
312
146
139
263
161
74
246
91
189
75
278
146
17
38
192
197
29
170
32
157
153
12
147
7
104
252
78
185
12
112
123
17
166
176
27
167
63
241
12
204
287
209
291
157
22
171
19
189
188
270
113
221
31
222
66
231
119
109
216
220
113
249
75
250
242
103
108
256
122
3
133
249
73
74
200
105
211
187
21
190
50
37
193
99
206
43
207
302
163
153
19
213
49
217
19
123
257
107
213
31
194
81
195
32
306
92
225
84
255
259
182
41
212
201
311
144
49
142
9
122
34
217
106
228
51
232
42
34
155
53
235
95
308
167
189
47
231
74
192
76
202
38
221
24
126
112
234
70
164
13
108
101
284
17
145
51
219
220
65
152
26
126
289
154
62
247
108
242
54
215
205
28
162
69
210
103
218
63
57
227
59
139
308
138
55
239
102
278
201
290
213
66
248
88
283
279
94
93
248
60
247
65
202
24
188
83
193
194
68
235
51
147
266
196
269
160
21
157
58
208
211
88
249
120
134
312
96
228
41
220
73
227
88
251
63
255
149
144
54
225
33
132
305
91
303
174
293
107
216
11
159
299
88
252
60
233
62
237
54
140
256
162
21
27
152
11
119
276
78
191
203
81
237
87
228
63
221
93
312
239
121
24
278
78
214
98
104
227
109
11
22
188
67
217
84
297
269
205
49
135
286
85
262
148
243
80
267
70
172
76
162
309
141
10
295
143
312
94
245
130
113
265
267
152
144
261
88
256
103
255
146
1
134
51
238
83
173
260
136
306
204
68
208
65
179
69
63
212
61
237
85
294
199
75
210
31
127
261
161
169
295
87
246
64
170
211
211
105
94
229
80
69
243
86
217
95
234
84
240
64
164
305
123
122
132
302
142
58
149
1
99
244
68
82
277
81
218
30
169
83
203
89
264
181
262
137
305
138
4
144
12
203
29
180
172
261
160
167
54
56
247
90
196
258
203
313
209
64
154
63
222
91
259
124
258
158
307
179
273
207
76
181
273
204
50
140
53
245
54
240
58
218
46
191
173
82
239
52
234
67
256
126
38
32
291
140
310
90
216
97
92
227
100
115
220
226
91
80
209
76
237
311
101
197
189
85
82
227
42
203
95
310
143
274
94
190
262
209
55
224
76
235
246
95
215
90
98
310
164
268
97
99
234
51
135
312
18
169
11
110
258
115
21
217
102
86
191
173
61
214
199
286
284
274
203
283
207
270
194
280
77
62
208
109
213
98
113
212
79
288
162
14
147
312
172
77
167
28
181
59
148
46
51
233
56
165
265
197
99
204
212
47
190
74
258
193
288
150
158
7
156
305
178
36
126
38
205
30
31
129
114
266
96
108
218
80
79
219
215
114
20
121
114
267
129
42
216
197
190
49
206
44
130
241
241
87
193
261
252
254
106
230
101
199
92
308
104
7
313
97
211
80
70
176
182
88
87
192
140
303
121
36
207
280
81
67
246
94
109
218
50
147
15
109
257
165
81
278
72
162
164
60
144
159
19
112
223
35
132
3
97
221
84
215
79
218
93
214
89
252
108
240
80
169
76
183
39
31
178
27
42
230
89
187
17
208
71
154
13
5
119
273
7
140
271
70
232
88
228
75
81
230
72
224
59
235
133
1
137
22
123
281
92
248
63
243
124
310
125
276
107
226
38
212
76
190
98
189
186
97
229
113
230
58
136
303
97
280
101
302
203
212
34
203
36
165
78
268
310
150
28
225
59
150
312
171
82
189
192
99
286
123
224
54
207
26
125
126
257
162
20
176
34
213
50
235
117
249
71
59
209
277
91
296
127
34
220
111
17
116
252
83
272
209
79
210
34
129
295
101
215
98
288
284
120
224
85
201
309
200
83
297
126
43
211
52
151
284
192
24
185
43
226
33
176
264
93
217
100
98
91
249
75
282
192
85
83
172
273
102
214
216
47
44
236
87
206
48
136
313
306
97
215
91
106
244
83
241
73
232
57
209
108
313
129
312
141
209
71
264
68
218
89
305
167
256
131
49
236
78
168
297
198
60
207
37
135
260
209
294
152
64
235
60
221
59
229
115
230
131
18
217
218
99
245
65
143
250
83
81
235
243
82
207
63
201
64
77
274
184
22
112
256
107
207
40
215
227
123
261
189
95
248
96
308
203
295
211
0
101
243
131
117
22
122
28
201
285
207
34
192
276
184
263
200
201
5
137
3
108
211
263
134
303
100
309
310
169
59
241
125
252
84
288
76
246
82
230
47
145
313
144
310
133
262
87
213
51
142
47
11
147
66
208
68
151
18
162
74
175
305
110
217
69
216
63
254
99
313
27
125
260
211
273
122
250
60
224
111
209
274
130
301
206
35
217
73
257
121
236
69
247
117
129
293
136
25
115
131
313
148
145
308
141
310
201
272
73
230
48
211
210
100
211
106
246
94
301
135
153
63
58
239
106
205
210
49
235
11
142
311
106
200
62
150
0
145
14
146
2
104
213
113
253
100
225
112
110
222
46
47
207
271
159
71
245
112
26
202
96
225
45
141
52
140
6
253
114
228
102
115
23
16
114
257
112
4
153
159
24
25
195
293
80
168
13
113
226
58
53
206
28
208
101
193
270
72
231
71
157
74
223
87
81
219
92
252
110
7
206
291
104
217
77
226
59
223
107
214
77
175
75
224
223
103
254
86
230
69
249
74
179
32
206
82
294
87
229
125
283
104
196
287
262
145
45
233
104
256
194
212
90
225
128
37
312
135
261
197
263
92
295
86
234
108
220
83
273
205
42
218
113
296
199
89
89
303
235
70
69
158
21
291
80
232
99
202
211
90
178
264
201
301
198
93
225
224
35
211
265
141
255
86
183
89
249
84
210
73
164
12
26
204
305
291
91
279
128
33
213
61
246
51
45
204
47
237
52
61
226
87
296
201
14
19
115
221
100
198
93
284
132
263
133
141
51
40
230
238
76
71
178
310
126
293
204
41
209
213
97
311
149
5
175
169
71
196
264
199
265
209
88
276
117
115
301
119
223
55
234
45
235
230
68
231
88
296
112
216
59
257
125
247
82
291
173
300
3
99
228
45
135
310
142
313
101
115
233
42
209
293
156
9
155
184
79
289
136
288
163
22
119
9
151
265
86
223
77
72
210
92
75
214
55
204
262
201
19
118
31
220
96
282
77
247
132
40
213
48
59
197
289
127
262
138
47
221
39
49
224
53
241
55
230
91
223
113
25
119
306
94
184
27
20
122
280
129
257
308
93
88
181
91
110
224
101
97
208
87
239
70
170
296
206
306
90
304
206
40
228
45
203
307
262
132
2
311
136
47
161
71
216
45
225
62
147
263
211
85
179
297
113
215
60
58
224
229
133
39
135
117
270
98
196
103
4
102
243
101
298
126
290
233
68
78
237
45
57
240
16
117
250
82
240
14
112
254
168
261
67
264
206
26
223
62
253
148
264
262
140
9
152
66
259
206
106
282
199
217
101
6
155
181
270
202
287
112
231
104
115
267
272
120
108
217
41
203
37
223
60
148
11
153
264
205
201
261
72
209
78
187
272
87
244
71
60
256
116
105
9
302
174
33
126
258
151
247
102
200
99
224
99
230
100
236
0
135
301
88
271
181
87
243
67
265
178
158
252
86
301
163
62
258
116
15
17
11
116
249
243
92
300
89
295
280
206
27
28
169
77
170
262
131
302
1
114
222
223
101
306
144
294
84
254
73
198
98
231
58
228
70
68
232
61
75
226
54
229
45
205
2
149
264
169
14
155
263
148
283
209
83
222
89
267
92
108
249
87
225
218
54
143
162
75
279
301
172
16
107
210
281
276
196
69
176
258
84
233
98
0
180
35
26
163
19
158
294
167
55
208
63
157
16
158
145
54
68
153
156
60
253
77
204
274
142
308
237
63
219
55
240
105
249
96
262
108
4
105
287
206
84
243
121
4
144
63
252
134
304
257
119
259
143
11
208
77
92
208
219
57
243
239
49
220
35
46
210
102
254
58
204
105
212
93
99
210
81
66
225
50
228
91
206
3
138
120
253
74
91
186
183
11
185
88
216
102
229
48
219
96
294
128
238
53
69
263
203
273
86
297
304
156
22
164
174
265
166
293
278
90
187
77
290
195
96
201
295
135
249
72
244
58
162
77
169
314
138
51
63
225
48
233
91
243
91
247
78
245
121
273
70
206
89
226
118
20
108
230
79
286
106
12
107
208
111
251
59
69
193
215
59
245
56
63
142
50
242
52
194
268
185
92
191
286
193
75
195
282
204
153
17
171
28
130
41
204
10
207
70
224
96
234
105
209
35
52
244
100
111
232
45
42
139
47
227
58
73
235
78
85
176
56
168
159
22
161
211
75
234
43
45
206
102
301
99
219
111
249
123
32
193
70
159
12
46
189
282
94
253
61
160
298
117
251
120
13
154
65
151
69
169
257
105
225
98
194
86
221
105
6
148
2
99
314
189
20
203
31
207
42
208
56
151
291
105
203
303
114
225
235
45
188
14
153
9
180
26
162
68
238
85
102
220
97
217
65
153
67
209
267
212
262
210
56
242
119
222
23
118
301
283
100
110
226
79
268
90
302
205
308
161
214
46
228
77
224
47
206
271
180
37
17
188
5
107
205
92
253
57
205
53
244
62
174
262
147
247
155
13
216
94
307
144
50
216
57
47
217
48
240
110
237
305
279
79
216
27
133
139
144
242
72
234
54
56
205
29
151
10
187
264
200
259
210
215
64
265
258
106
203
300
130
237
48
212
83
211
49
238
54
193
263
165
292
200
280
78
219
109
253
251
134
117
256
133
38
33
139
45
236
92
283
96
237
60
179
87
300
117
246
111
310
97
248
105
7
4
311
109
310
148
62
171
58
209
106
252
254
101
113
256
61
57
144
265
201
268
203
103
257
111
218
212
74
208
98
237
123
28
118
100
0
131
306
203
285
95
304
212
35
130
263
113
248
121
251
96
300
214
57
245
61
223
221
117
14
167
264
208
80
70
208
304
108
243
239
129
253
122
260
205
198
186
90
94
210
80
254
121
238
313
214
113
239
119
27
208
102
86
275
201
105
252
149
60
209
73
214
101
207
57
249
83
231
121
25
152
150
66
265
190
279
83
284
196
97
200
298
161
23
241
90
220
220
88
224
117
220
187
92
198
288
137
244
242
51
209
111
128
257
159
44
42
219
40
220
41
210
50
209
268
211
96
244
112
15
213
205
95
197
102
207
59
238
113
21
120
307
134
302
136
128
260
121
109
206
39
204
103
237
109
97
239
68
215
46
235
65
259
172
288
93
186
180
8
104
255
115
271
95
84
236
53
149
261
74
238
55
56
244
148
266
179
6
138
264
207
45
215
72
240
90
228
52
139
61
242
90
103
214
109
221
228
79
245
125
288
89
278
94
208
73
179
83
91
188
74
248
81
68
236
111
211
203
97
227
39
226
105
14
109
208
61
199
102
98
251
118
121
252
95
231
243
117
220
56
218
230
43
186
68
245
119
258
174
3
146
19
109
12
108
229
63
209
69
244
65
210
83
215
36
218
60
52
227
226
42
17
154
14
240
69
227
98
250
151
58
203
98
100
205
283
190
277
79
176
5
204
266
81
171
63
261
125
22
173
50
229
69
206
80
204
9
141
270
70
213
57
215
108
16
209
93
282
119
221
95
87
219
98
312
114
214
181
85
97
192
209
63
236
61
247
59
214
96
188
266
199
275
89
216
108
244
89
174
260
67
223
57
211
86
244
121
308
307
205
88
272
182
31
151
131
303
164
302
204
24
218
227
112
268
208
86
94
234
49
40
223
121
31
184
166
80
284
97
0
1
140
46
231
126
133
42
44
216
31
20
116
237
58
144
3
303
117
106
6
12
115
217
98
212
64
207
212
106
229
229
44
210
269
68
248
127
34
173
263
82
276
115
219
39
28
124
125
305
203
2
176
81
175
68
253
116
227
76
275
193
277
88
234
49
222
122
249
154
264
146
313
128
298
137
256
125
122
23
158
293
167
292
98
202
291
155
166
24
117
254
68
170
193
97
254
172
65
257
250
107
249
64
65
226
51
206
294
93
237
46
208
33
205
99
92
293
85
221
73
276
205
90
233
47
219
117
253
106
242
109
208
36
131
14
110
229
109
305
142
312
182
86
91
108
225
107
11
240
235
109
297
209
54
52
212
216
106
221
58
146
252
61
225
69
237
86
85
215
14
119
110
210
174
82
268
161
70
83
292
177
84
208
43
136
256
105
219
108
105
213
204
297
110
220
112
7
102
255
70
223
44
217
80
223
85
