41
230
34
206
110
244
138
6
214
209
284
81
286
199
196
281
80
287
125
144
48
78
217
106
231
97
281
123
19
221
92
93
281
78
227
67
248
169
264
129
38
230
50
142
258
203
277
93
254
253
152
60
247
63
192
259
198
262
124
148
2
149
140
267
154
245
242
55
67
165
8
108
140
5
115
230
226
115
256
204
99
268
144
242
248
129
241
150
13
163
147
309
133
283
292
205
53
192
214
209
108
212
139
48
141
304
35
123
290
94
227
80
270
200
281
207
49
138
57
236
235
85
183
213
23
161
30
119
251
82
295
205
104
101
235
135
259
161
52
227
131
30
125
303
115
257
104
134
48
228
217
108
238
115
0
188
270
114
256
63
230
92
309
145
298
216
86
293
85
95
211
60
209
265
186
81
258
150
251
59
240
120
26
205
86
249
118
262
172
77
236
235
91
241
36
50
135
2
181
168
65
177
35
126
125
285
216
56
141
63
239
52
209
1
103
12
167
10
212
47
135
293
205
22
203
0
177
5
105
108
209
51
192
96
284
295
127
239
48
131
53
239
235
80
83
206
6
181
73
251
124
114
224
110
208
76
210
87
233
83
259
297
162
156
146
146
242
69
189
33
187
201
306
104
92
251
94
305
213
94
283
87
211
24
135
43
235
96
248
247
98
241
19
208
67
62
74
264
206
42
204
158
163
70
151
20
161
169
159
62
220
105
302
173
74
225
65
239
125
283
224
112
222
96
193
255
171
298
196
40
221
69
197
50
141
46
140
7
116
232
96
100
4
208
65
248
103
212
218
104
286
275
21
15
166
61
143
62
72
273
213
76
248
71
74
239
50
194
296
210
56
215
20
156
38
123
136
250
264
158
250
115
3
217
68
160
17
156
28
213
39
18
117
23
186
244
121
262
273
302
133
140
133
284
294
129
275
200
156
67
219
117
287
95
248
57
11
166
146
34
121
27
180
188
45
49
55
142
141
1
147
308
287
93
112
247
95
190
73
278
181
43
141
257
117
265
140
4
282
95
299
235
116
274
293
219
116
101
312
99
117
239
73
213
7
157
245
156
20
157
39
43
154
33
33
206
73
84
234
95
104
217
299
209
207
104
243
112
218
113
223
92
180
310
123
26
167
76
173
80
245
55
217
101
104
202
31
216
111
210
26
165
232
119
248
70
215
80
77
166
305
274
75
253
131
255
137
255
99
203
18
159
8
207
177
80
216
175
262
122
285
206
78
69
235
54
204
39
187
226
87
248
238
75
212
221
59
200
294
127
305
101
244
66
261
209
7
208
228
111
253
101
205
83
289
195
259
112
246
57
83
232
119
225
39
222
37
206
45
43
234
103
250
90
302
138
43
195
18
153
284
211
38
131
39
216
76
230
51
234
243
76
225
41
229
190
43
186
249
82
275
282
96
190
32
117
131
300
126
27
165
285
100
9
313
206
92
233
37
131
261
90
294
293
201
100
218
61
209
103
84
197
260
206
33
28
20
190
262
69
160
18
225
99
213
81
83
71
61
172
167
170
79
211
314
3
150
37
130
33
224
103
292
2
98
246
104
294
107
309
126
253
263
178
23
52
245
246
82
219
105
213
289
304
310
148
240
85
302
132
118
236
46
238
227
53
246
248
84
285
194
27
145
123
279
89
212
106
203
296
250
86
232
82
71
222
100
221
67
224
121
229
131
127
258
93
238
18
14
125
254
194
185
89
229
73
281
150
151
170
55
217
62
63
220
93
291
102
212
62
260
86
251
133
28
123
147
61
147
37
41
200
93
203
97
225
103
256
116
113
304
98
286
171
50
214
10
105
202
292
126
308
107
121
255
108
305
264
112
313
138
3
127
257
91
222
165
301
307
100
195
198
233
46
46
179
180
308
200
273
77
293
213
79
251
116
28
208
208
101
5
202
195
274
101
243
246
85
298
9
9
123
135
131
264
95
225
228
39
207
17
15
187
91
290
78
190
54
221
68
265
156
178
29
221
72
236
309
261
81
232
98
278
118
19
54
220
62
144
10
110
108
0
144
20
211
33
134
262
139
273
185
22
207
16
170
48
146
12
227
98
248
108
254
62
78
210
66
77
89
240
113
241
234
122
296
169
285
276
212
36
223
56
203
44
207
52
236
58
249
110
250
60
230
122
255
60
204
306
135
47
210
104
236
103
204
93
255
158
68
205
308
100
246
152
29
37
177
165
24
130
292
123
30
153
150
28
202
126
126
31
160
165
297
308
187
191
183
38
42
217
182
277
78
159
283
200
194
36
11
207
50
219
222
102
206
36
201
271
6
3
107
259
71
80
247
79
91
231
79
231
65
262
208
78
241
6
144
275
89
294
298
132
247
179
58
247
152
34
32
174
80
220
12
122
247
71
201
262
193
218
83
101
91
267
116
218
96
195
223
65
232
48
234
47
223
198
28
19
33
131
269
270
212
188
56
53
42
214
85
252
58
59
252
115
110
92
215
33
197
82
288
290
225
43
165
257
117
286
127
233
52
44
223
41
211
55
246
246
186
84
299
265
77
249
80
80
233
110
254
252
112
8
311
127
40
133
258
270
93
181
214
180
72
233
126
313
100
250
251
112
212
264
144
15
145
0
92
311
96
207
207
276
287
159
76
283
255
247
104
235
87
107
239
103
103
218
205
181
238
66
155
258
103
115
244
111
215
46
12
143
279
194
189
79
212
51
129
229
39
129
25
151
267
210
106
291
85
198
77
287
79
208
186
91
246
241
71
268
129
123
258
160
170
81
175
53
242
97
222
60
236
97
104
211
207
50
159
42
145
41
43
157
74
246
82
189
75
278
146
266
67
48
129
29
170
289
297
153
12
18
213
104
252
78
185
201
13
177
17
23
115
27
48
137
146
12
204
279
209
13
28
22
171
182
21
123
270
283
286
115
241
52
231
117
105
216
24
113
249
75
250
242
103
108
256
122
259
143
249
243
90
272
105
3
26
68
190
31
25
193
99
197
43
136
30
165
211
25
134
0
293
19
123
114
107
88
186
203
272
68
163
310
92
225
84
255
2
147
3
210
3
14
148
49
142
9
122
18
125
106
218
51
226
177
277
145
53
229
95
268
181
189
47
62
198
212
76
202
38
208
18
126
112
234
70
264
11
108
242
142
166
26
51
42
220
65
159
26
126
8
154
62
247
108
138
2
215
33
28
162
259
153
34
218
63
57
227
59
139
308
138
41
223
102
278
170
32
202
87
248
88
189
188
282
93
248
60
219
65
156
16
9
182
197
194
44
213
51
147
190
196
269
160
21
190
58
208
211
88
249
127
124
312
96
259
101
220
73
162
299
243
63
255
127
145
54
33
45
132
281
91
213
282
129
107
8
133
159
299
88
252
135
233
62
72
165
81
250
162
21
24
177
11
119
233
78
271
203
303
237
87
215
74
229
118
218
239
121
24
201
78
214
270
109
232
109
11
154
236
52
217
84
297
87
205
49
135
264
85
262
148
243
80
267
70
172
76
164
249
141
160
149
130
253
109
245
130
258
63
147
260
102
237
88
292
103
255
102
133
42
52
238
83
77
260
139
306
204
41
208
272
271
79
271
212
174
236
85
241
236
46
210
31
127
260
188
38
204
69
246
78
51
211
293
105
94
229
80
69
243
114
217
95
234
164
183
64
164
302
102
122
111
302
173
58
148
1
99
244
90
179
190
81
218
30
178
83
194
161
264
182
171
207
305
138
4
135
266
173
163
31
145
252
105
84
63
56
247
90
196
89
191
89
185
34
154
63
68
199
249
124
258
118
307
211
64
207
76
272
266
204
50
163
62
245
76
250
65
218
46
154
265
82
239
239
59
258
256
126
38
155
58
140
310
90
216
96
92
271
287
115
220
284
230
107
209
76
174
311
208
280
284
85
253
227
42
211
6
2
143
307
94
190
29
29
180
191
76
235
246
95
254
264
98
234
83
268
157
224
37
51
135
312
18
169
10
110
258
115
133
287
197
86
191
152
61
214
199
286
222
65
188
283
120
22
126
280
77
91
208
109
213
98
113
212
113
288
162
14
147
164
178
77
205
28
181
37
148
55
51
233
56
164
59
174
295
204
212
46
147
60
258
193
40
132
264
262
156
37
178
36
126
35
205
30
31
18
114
266
264
108
218
80
110
219
16
114
255
151
16
172
223
74
216
13
190
49
206
45
130
142
241
87
181
261
137
254
113
230
101
106
92
308
104
7
314
203
68
159
43
69
70
88
218
92
266
303
121
36
42
181
231
90
246
105
109
292
32
112
15
125
257
165
188
278
72
162
164
60
208
159
19
112
218
35
208
259
125
221
84
198
79
218
93
214
89
206
108
238
80
281
76
183
193
31
177
202
42
230
200
257
254
206
71
154
12
240
119
293
143
140
2
138
232
88
228
88
81
230
88
212
59
235
133
1
128
256
123
249
113
248
236
115
124
310
125
112
109
215
38
197
265
80
216
189
51
39
127
113
246
120
136
233
130
280
101
302
203
67
241
203
36
165
161
268
96
185
25
225
46
217
312
171
82
189
217
99
233
124
224
54
207
38
125
126
255
261
158
159
34
213
196
235
117
141
105
244
188
277
91
261
174
27
220
111
10
116
252
83
100
207
79
210
298
129
106
219
215
98
270
211
61
224
31
201
309
200
83
259
126
286
211
73
204
18
192
24
185
17
204
33
221
88
225
231
85
98
310
91
292
282
192
223
70
232
79
102
214
212
39
44
236
139
206
48
136
301
251
97
215
91
88
244
53
241
73
232
57
209
108
299
129
135
293
225
35
213
68
218
89
97
81
209
144
51
236
78
168
264
198
266
182
37
135
117
120
301
141
67
225
60
221
59
247
115
242
131
22
217
115
99
245
65
143
247
83
52
235
53
82
207
63
21
206
92
274
184
22
127
241
70
207
88
215
110
123
261
278
95
280
137
45
281
191
37
209
100
310
131
284
162
122
28
201
300
207
34
192
276
184
263
200
98
286
137
3
108
211
263
133
303
95
309
25
213
59
241
81
252
98
232
66
246
93
230
47
145
313
144
310
133
32
200
72
53
49
47
144
33
193
208
68
172
167
272
193
280
285
109
217
69
216
171
228
99
313
160
125
40
173
284
122
259
63
227
39
134
134
258
188
206
35
204
200
257
121
236
69
223
120
129
262
164
18
128
32
313
148
314
234
141
310
290
80
239
230
48
211
266
100
211
106
246
123
301
135
153
63
247
239
106
205
210
40
30
11
142
310
197
200
2
153
164
145
65
175
2
104
213
113
253
55
225
39
118
242
235
54
140
260
159
71
232
124
26
201
37
225
58
145
52
140
58
253
114
260
16
112
242
263
132
257
112
266
153
159
22
25
38
211
80
279
140
52
226
74
61
206
278
208
101
193
270
103
231
71
157
74
174
87
70
219
94
248
201
7
206
291
104
87
77
242
59
223
94
214
77
175
59
231
223
103
254
127
159
69
249
74
179
32
206
65
82
87
229
125
115
22
196
81
262
145
134
233
112
277
85
212
93
225
176
272
304
135
253
263
211
92
307
87
234
108
220
83
85
236
29
218
113
296
199
184
89
246
201
11
156
146
256
64
80
188
99
205
302
90
252
301
201
312
306
95
225
51
204
94
265
177
74
285
93
89
249
79
210
70
164
12
26
204
24
258
122
225
128
33
213
61
246
51
200
45
58
237
52
68
226
278
197
93
302
22
115
223
100
198
93
284
132
263
131
141
51
40
182
75
76
267
178
310
8
12
203
41
161
213
106
274
211
30
175
169
30
196
198
199
263
188
88
250
133
115
301
122
273
70
234
45
61
165
73
236
88
296
112
225
59
248
125
244
82
291
135
300
115
116
228
45
135
310
142
313
101
282
233
47
141
258
107
9
201
73
79
289
136
261
122
22
119
9
151
249
86
223
159
72
210
92
76
214
57
133
262
109
19
118
31
220
81
282
77
247
132
40
224
48
196
197
289
211
262
128
27
221
39
201
222
53
165
55
204
64
252
94
128
40
306
94
185
185
20
122
21
129
143
308
93
309
181
18
110
224
101
97
287
87
239
149
300
296
206
306
130
304
206
30
43
45
203
307
148
132
112
314
136
253
161
71
216
66
225
225
81
263
211
85
179
26
113
20
222
58
42
124
41
39
135
117
282
98
196
103
4
102
243
101
298
126
243
233
68
78
223
211
57
240
62
161
250
111
240
248
112
263
68
148
67
264
206
26
151
53
61
198
23
153
140
294
152
66
259
206
106
314
90
217
101
6
155
181
270
202
282
112
231
104
115
10
203
3
108
217
41
171
81
209
295
166
13
153
13
205
300
153
71
209
78
90
223
87
212
155
151
256
116
146
9
22
174
33
126
258
151
247
102
113
225
224
99
230
100
236
147
135
301
258
85
181
87
216
67
265
10
158
252
86
226
163
62
241
116
16
143
261
116
126
240
92
83
89
295
170
203
27
28
193
77
170
258
132
48
1
114
246
107
101
306
311
122
138
254
73
221
109
231
58
170
292
85
276
79
233
226
61
229
45
174
152
141
266
215
14
155
60
148
283
209
83
222
11
251
129
108
249
244
69
218
54
230
161
20
166
271
143
16
107
210
210
95
243
69
245
146
62
233
98
313
182
191
26
163
19
201
80
167
32
210
217
147
16
3
187
247
68
153
169
60
253
77
266
122
142
46
221
212
214
53
240
105
249
96
262
108
4
105
287
206
84
277
96
196
35
150
252
96
304
257
119
259
143
11
208
309
301
208
40
57
151
239
49
220
15
9
210
145
254
166
204
105
212
91
99
8
24
63
225
65
228
42
206
3
162
164
256
74
191
186
12
130
294
306
216
102
216
48
219
113
112
311
238
87
69
260
203
273
86
271
168
156
22
200
307
17
166
175
82
92
187
77
290
195
96
201
295
112
249
72
244
58
307
174
172
314
15
146
63
242
86
233
64
243
91
243
78
261
121
15
237
206
87
226
118
230
108
230
79
262
106
12
205
10
111
255
87
69
220
230
50
245
56
58
225
50
242
52
208
188
272
92
191
286
193
24
195
283
143
147
17
171
257
130
41
166
302
207
70
184
96
234
85
167
252
73
244
100
111
232
45
215
29
47
235
208
73
261
85
85
176
56
154
159
22
161
214
75
213
56
204
206
205
271
93
219
111
248
123
43
193
27
28
124
3
189
282
94
103
10
160
298
117
251
120
7
148
254
151
61
67
257
140
305
98
209
86
221
105
6
148
285
258
137
120
242
157
34
207
42
227
56
183
15
105
203
16
114
258
235
45
41
14
153
7
180
26
162
68
238
104
102
220
112
229
231
153
66
209
267
191
262
174
56
242
104
22
23
118
301
299
100
110
236
79
268
203
302
94
308
184
12
43
228
59
224
47
206
270
121
297
209
31
284
80
93
193
212
297
198
53
244
62
174
38
159
14
155
1
216
103
307
144
68
144
55
40
217
48
240
143
258
146
279
79
216
22
311
139
53
213
72
205
45
126
232
7
151
10
187
14
6
100
291
215
64
154
258
106
203
300
118
237
130
230
83
211
56
238
54
72
182
165
292
283
77
82
243
113
253
107
134
129
256
133
38
51
212
45
144
249
98
96
237
60
169
311
250
94
246
111
109
244
248
105
7
152
129
109
211
47
62
171
58
209
106
252
254
101
101
256
248
57
250
67
158
196
203
103
213
111
260
175
74
208
67
228
123
28
118
273
0
133
265
203
285
203
3
148
35
264
263
113
124
121
251
84
247
107
129
245
61
223
27
207
14
114
264
86
174
69
208
265
108
301
36
129
252
194
260
205
88
186
94
94
229
177
19
129
238
90
214
113
239
119
27
208
103
93
275
201
105
213
56
60
209
81
279
101
89
78
249
83
276
121
109
131
150
66
265
190
67
207
69
196
97
212
298
161
50
187
87
220
220
88
224
62
259
185
92
198
288
130
309
242
51
22
111
128
257
159
306
42
219
40
220
41
122
32
206
295
267
103
244
112
15
15
205
93
197
265
207
52
22
113
21
120
307
134
302
136
247
251
310
301
206
39
204
103
237
109
97
239
51
221
46
235
114
226
172
264
79
81
180
258
104
312
115
271
114
240
236
53
179
261
74
219
236
56
244
83
266
125
6
138
264
208
45
215
89
273
90
228
52
50
137
242
117
101
214
110
222
99
116
245
125
252
89
182
153
264
73
179
83
91
245
74
248
246
68
236
111
127
308
97
227
39
224
105
290
109
208
61
232
270
116
237
113
121
269
116
231
243
117
220
299
150
264
175
220
68
245
113
258
148
3
146
19
109
256
120
229
195
209
69
72
64
218
75
215
73
218
60
158
28
226
42
17
154
140
57
226
192
98
250
256
277
203
29
8
171
27
139
277
79
176
6
204
19
169
171
185
261
117
22
152
57
229
69
206
302
204
9
179
269
70
166
57
222
108
93
209
87
282
128
269
277
87
219
97
302
114
214
40
301
97
192
257
63
236
61
247
59
214
30
213
70
284
100
205
216
108
244
194
192
233
51
223
57
195
86
247
121
282
190
216
88
272
182
31
151
131
16
164
173
31
46
216
227
112
268
261
252
76
185
74
53
237
178
36
181
91
303
284
97
0
1
132
44
32
126
41
49
204
32
36
124
116
110
239
136
307
264
259
106
6
14
115
218
98
212
64
181
212
106
229
233
106
124
269
68
155
127
34
173
179
82
234
292
124
286
28
124
141
292
157
36
176
81
204
291
253
116
236
76
156
73
84
245
234
78
235
122
249
178
264
152
15
128
302
137
256
125
119
23
158
293
167
292
288
94
76
211
34
24
191
254
68
265
309
97
295
172
65
257
257
107
250
64
71
206
51
206
242
114
237
59
208
33
205
212
100
255
90
247
73
276
174
174
233
49
226
117
253
106
242
109
120
36
204
255
110
229
109
127
142
312
182
196
84
235
94
106
11
101
235
109
255
133
54
216
212
216
106
221
42
127
234
61
255
69
237
86
173
173
14
119
110
210
100
80
261
161
70
83
174
177
260
208
43
136
256
105
221
108
105
100
204
297
110
219
219
7
102
255
70
211
66
178
80
223
85
