41
230
96
247
55
231
49
53
134
2
207
81
286
80
196
281
80
231
69
228
48
46
235
106
231
97
253
127
36
221
92
76
281
78
227
67
248
82
262
129
38
219
50
138
258
121
277
189
264
154
185
60
247
63
223
72
157
262
154
148
14
149
4
174
75
245
67
55
67
165
172
299
140
5
101
228
122
115
256
311
99
268
113
242
248
78
241
114
13
163
261
134
133
283
201
205
23
202
261
209
108
212
42
229
39
218
35
123
309
94
183
80
270
200
281
207
49
138
57
236
235
85
217
40
49
152
30
119
292
82
295
205
104
101
235
128
41
129
127
41
131
30
125
14
115
257
104
208
48
209
9
108
238
115
16
170
299
114
256
63
230
92
90
208
69
177
293
83
208
95
211
77
209
265
186
81
245
85
226
60
240
120
26
175
86
249
118
278
188
86
236
140
243
248
243
55
245
128
19
168
73
210
32
126
10
104
216
56
228
109
224
52
209
1
103
9
143
10
212
111
214
36
206
272
139
0
147
314
105
242
236
51
245
96
109
295
127
239
48
226
53
239
88
80
184
90
83
181
73
251
106
94
224
106
208
76
210
97
233
106
292
297
129
143
53
146
242
69
186
279
187
45
51
237
92
304
94
106
213
94
217
87
211
263
135
43
235
96
248
90
251
241
57
208
71
220
74
210
86
213
89
192
264
64
151
5
16
169
159
60
220
105
304
173
74
227
110
11
125
116
224
112
222
101
193
72
171
298
128
40
221
69
219
93
227
46
140
8
109
232
96
204
4
148
65
248
103
212
94
283
76
72
159
262
166
61
152
262
72
273
213
76
248
64
61
239
50
211
73
225
56
247
72
155
19
125
243
78
264
158
17
114
213
217
68
159
17
36
37
211
154
5
139
160
36
136
129
281
121
30
133
298
204
284
294
129
275
145
156
67
244
92
226
80
248
100
219
62
146
263
121
27
180
274
83
245
55
148
0
137
147
308
140
301
92
233
95
224
73
65
214
48
141
8
182
265
211
91
239
95
1
102
116
18
113
219
116
274
88
207
109
239
73
213
75
157
8
156
20
157
39
25
203
33
33
206
200
79
234
100
104
305
96
209
62
53
243
103
219
83
223
92
180
310
123
26
167
76
173
80
212
55
217
111
104
202
101
216
111
221
62
213
16
119
248
70
215
80
77
166
305
274
75
268
176
308
169
304
99
214
18
159
309
2
177
64
216
116
29
122
259
206
261
69
235
54
217
63
51
212
87
248
61
75
212
86
284
200
294
131
286
101
244
66
261
199
94
92
305
95
253
101
205
85
289
195
266
149
246
57
46
232
120
225
39
222
37
220
38
134
234
103
221
90
252
124
43
202
18
119
220
50
38
131
39
216
76
230
46
234
85
76
225
41
229
224
56
59
249
115
253
104
96
190
32
128
115
113
233
76
165
7
100
9
166
291
103
227
37
131
261
204
199
293
201
100
218
61
209
103
272
96
286
206
21
174
65
207
268
69
160
18
121
38
213
81
188
92
212
58
167
82
81
211
202
3
150
9
130
33
224
103
292
206
66
246
106
294
108
6
139
238
88
193
144
52
245
93
82
219
107
231
243
104
209
95
292
141
264
135
233
236
46
238
52
54
244
76
84
285
194
27
124
276
279
89
212
106
245
108
233
43
232
82
215
222
88
240
67
224
121
119
237
127
247
93
306
304
121
125
290
163
185
89
229
74
66
263
151
50
38
217
62
63
220
93
246
102
212
105
251
86
297
133
46
188
147
280
205
37
214
187
93
190
97
225
71
254
116
131
304
176
306
157
52
215
115
105
202
261
126
241
107
123
255
108
260
264
112
129
138
48
139
237
91
210
151
301
91
278
195
285
287
136
39
38
180
89
184
273
77
85
213
58
251
116
228
44
218
110
217
99
195
274
101
244
91
85
298
148
24
123
229
56
252
116
221
228
39
207
32
212
187
91
287
100
246
54
221
68
155
265
204
67
221
72
253
130
279
81
232
106
116
243
232
54
231
62
144
10
110
13
13
144
45
211
36
134
262
124
273
185
22
9
16
152
265
146
12
36
129
308
108
254
246
78
210
75
255
89
240
127
125
307
128
296
169
169
261
128
36
223
66
203
44
207
52
246
58
249
124
250
98
226
122
255
188
188
42
135
47
210
104
236
103
204
300
138
243
68
205
51
56
246
123
29
177
73
165
24
130
292
123
30
153
150
9
159
25
164
26
212
43
132
308
202
277
183
38
29
127
25
215
78
80
283
193
194
36
51
207
50
227
107
206
38
30
139
307
91
102
5
239
238
80
247
95
91
231
82
211
65
262
208
78
216
6
141
2
136
294
298
202
31
197
58
247
129
131
32
150
70
210
290
81
247
75
164
262
210
292
83
251
150
267
116
218
96
227
53
65
232
48
234
47
229
40
205
36
33
131
148
285
82
91
219
59
74
214
85
252
155
59
252
118
274
92
215
33
210
82
288
81
231
43
49
233
117
12
119
233
53
62
224
41
211
55
246
118
287
199
299
164
77
249
250
80
233
110
311
135
142
8
152
3
40
133
284
270
93
234
83
258
72
233
126
313
100
252
105
112
212
264
144
56
145
276
92
235
44
207
269
159
265
263
74
283
158
247
105
119
241
109
255
100
206
278
205
54
219
71
155
258
114
125
242
111
263
158
10
142
280
275
189
94
99
85
292
203
39
129
260
178
267
210
106
100
85
250
99
287
79
208
217
91
241
235
71
268
115
117
258
87
251
81
208
103
247
85
222
50
236
97
277
211
98
209
200
312
146
139
263
161
74
246
91
189
75
278
146
17
38
192
197
29
170
32
157
153
12
147
7
142
252
78
185
12
112
123
17
166
182
27
167
63
241
12
204
287
209
291
157
22
171
19
47
188
19
113
221
31
222
66
231
119
109
216
220
113
249
106
250
242
103
108
256
122
3
133
249
73
74
200
105
211
187
21
190
50
206
103
99
206
43
207
300
163
153
19
213
49
217
19
123
257
107
213
45
190
81
195
294
306
92
225
84
255
259
182
41
212
201
311
144
49
142
9
122
34
217
106
228
51
232
125
34
155
53
235
95
308
167
189
47
231
74
192
76
202
38
221
24
126
112
234
70
164
13
108
101
284
17
145
51
219
225
65
152
26
126
289
154
62
247
108
242
54
215
205
28
165
69
210
103
218
63
57
227
59
139
308
138
55
239
102
278
201
290
213
66
248
88
283
279
94
93
248
60
227
65
202
24
188
83
193
194
68
235
51
147
266
196
269
155
21
157
58
208
211
88
249
120
134
312
96
228
41
220
73
227
88
251
63
255
157
144
54
225
33
132
305
91
303
174
293
107
216
11
159
299
88
252
60
233
62
237
54
140
256
162
21
27
152
11
119
276
78
176
203
81
237
87
228
63
221
93
312
239
121
24
278
78
214
98
104
227
109
11
22
219
67
217
84
83
269
205
49
135
286
85
262
148
243
80
267
70
249
76
182
309
141
10
295
143
312
94
245
130
113
265
267
152
302
261
86
256
103
255
146
1
134
51
238
83
173
260
136
306
204
68
208
65
179
173
63
212
61
237
85
294
90
75
210
31
127
261
161
169
295
87
246
64
170
211
211
105
93
229
80
191
271
86
217
95
234
84
240
64
164
305
143
12
132
302
142
58
149
1
99
244
68
82
277
81
218
30
169
78
203
89
264
181
262
137
305
138
4
144
12
203
29
180
172
261
210
167
54
56
247
90
196
258
203
313
209
64
154
63
222
91
259
124
258
158
307
179
273
207
76
181
273
204
50
140
53
245
54
240
58
218
46
191
51
239
239
52
234
67
256
126
38
210
291
140
310
90
216
97
92
227
100
115
220
226
91
80
209
76
237
311
101
197
189
85
82
227
42
203
95
310
143
274
94
190
272
209
55
224
76
235
246
95
215
90
94
310
164
268
97
232
234
51
135
312
18
169
11
113
258
115
21
217
102
86
191
173
61
214
199
286
84
274
203
283
207
270
194
280
77
62
208
109
213
98
113
212
79
288
162
14
147
312
172
77
242
28
181
59
148
22
242
233
56
165
265
197
99
204
46
47
190
74
165
193
288
150
158
7
156
305
178
36
124
38
205
30
31
129
114
266
96
108
218
80
79
219
215
114
20
121
21
24
133
42
216
197
190
49
206
44
130
241
86
87
193
261
252
91
106
5
101
199
92
308
104
7
313
97
211
80
70
176
265
88
178
23
140
303
121
36
207
280
81
67
246
94
109
218
50
147
15
109
209
165
81
278
72
162
164
60
144
159
19
112
223
35
132
3
97
221
84
215
79
218
93
214
89
252
108
240
80
169
76
183
39
31
178
27
42
230
89
187
278
208
71
154
13
21
119
273
7
140
271
122
232
88
228
75
81
230
72
224
59
246
133
304
137
23
123
281
92
248
63
243
124
310
125
276
101
226
38
212
76
279
98
189
285
97
229
113
230
58
136
303
97
280
90
302
203
212
34
203
36
165
78
268
310
150
53
225
59
150
153
171
82
189
192
99
286
123
224
54
207
26
125
126
257
162
20
176
34
213
50
235
117
249
71
59
209
277
91
296
127
34
220
111
17
112
252
83
272
209
79
210
34
129
295
101
215
98
288
284
120
224
85
201
309
200
83
297
132
43
211
52
151
284
192
24
185
43
226
33
176
264
162
1
100
98
91
249
75
282
192
85
83
172
273
102
214
216
47
44
236
87
206
48
136
313
306
97
215
91
106
238
83
241
73
232
57
209
108
313
129
312
141
234
71
264
68
241
89
305
167
256
131
49
236
78
168
297
198
60
207
37
135
162
168
294
152
64
235
60
221
59
229
115
250
131
18
217
93
99
245
65
162
250
83
81
235
243
82
207
63
201
288
77
274
184
22
112
256
107
207
40
215
34
123
261
189
95
248
96
308
203
30
211
290
101
301
131
117
22
122
28
151
285
207
34
192
276
184
263
200
201
5
137
3
108
211
263
134
303
100
309
310
169
59
241
125
252
84
267
76
246
82
230
47
145
313
144
310
133
262
211
213
51
142
47
11
147
66
208
68
151
18
162
265
175
3
110
217
69
216
63
254
99
313
27
125
260
211
109
122
250
60
224
111
209
260
130
301
206
35
217
73
257
121
236
69
247
117
129
293
136
25
115
131
313
148
145
308
141
310
201
272
73
230
48
211
210
100
211
106
204
94
301
135
153
63
58
239
106
205
210
49
235
11
142
311
106
200
62
257
0
145
14
146
2
104
213
113
253
100
225
112
110
222
46
46
207
271
159
71
245
112
26
202
96
225
45
141
52
140
6
253
114
228
102
115
23
16
114
257
112
4
153
160
24
25
195
293
80
168
13
113
226
58
53
206
28
208
101
193
270
72
231
71
157
74
223
87
81
219
92
252
110
7
206
291
104
217
77
226
111
223
107
214
77
175
75
224
105
103
254
102
230
69
249
74
179
32
206
82
294
87
229
125
121
104
196
92
262
145
45
233
104
256
194
212
90
250
128
37
312
135
261
197
263
92
295
86
234
44
220
83
273
205
42
218
113
296
199
89
89
303
235
70
69
158
21
291
80
232
99
202
211
90
178
264
201
301
198
93
225
224
35
211
265
141
255
86
183
89
249
84
210
73
164
5
286
202
305
291
91
280
128
33
213
61
246
51
45
204
47
237
52
61
226
87
296
201
299
131
115
221
100
198
199
284
132
263
133
141
51
40
230
238
76
71
178
310
126
293
204
41
216
213
97
311
149
5
0
169
71
196
264
199
265
209
88
219
117
115
301
119
223
55
234
45
235
230
68
231
115
111
112
217
59
257
125
247
82
291
173
300
298
99
228
45
135
310
142
313
101
115
233
42
209
293
156
9
155
184
79
289
136
288
163
22
119
9
151
265
86
223
77
72
210
92
75
214
55
204
262
201
19
118
31
220
96
282
77
247
132
40
218
48
59
197
289
127
257
131
47
231
228
49
224
53
241
55
230
91
223
113
25
119
306
94
184
23
20
122
280
129
257
308
93
88
181
256
110
224
101
97
208
87
239
70
170
296
206
306
90
304
206
40
228
45
203
307
262
132
278
311
136
47
161
71
216
103
225
62
147
263
211
85
179
297
113
215
60
58
224
229
133
39
135
117
270
98
196
103
4
102
243
101
298
126
290
233
68
57
237
45
57
240
16
117
250
82
172
14
112
254
168
261
67
264
206
26
223
62
253
148
264
262
140
9
152
66
259
206
106
282
159
217
101
6
155
181
270
202
287
112
231
110
115
267
272
120
108
217
41
203
37
223
60
148
11
153
264
205
171
261
72
209
78
187
272
87
244
71
60
256
116
105
235
302
174
33
126
258
123
247
102
200
99
224
99
230
100
236
0
135
301
88
271
181
87
243
67
265
261
158
252
86
301
163
62
258
116
15
17
116
116
249
243
92
300
89
295
282
206
27
28
169
77
170
262
131
302
1
114
222
223
101
306
144
294
84
254
73
198
98
231
58
228
70
68
232
90
75
226
54
229
45
205
2
149
264
169
14
155
263
148
283
209
83
244
113
267
92
108
249
87
225
218
54
143
239
75
279
301
172
16
107
210
281
276
196
259
176
263
84
233
98
0
180
35
26
163
19
158
294
167
59
208
63
157
16
158
145
54
241
58
156
60
253
77
204
274
142
308
237
63
219
55
240
105
299
96
222
108
4
105
295
206
84
243
121
4
144
63
252
134
285
257
119
259
143
11
208
77
92
208
219
57
243
239
49
220
212
46
210
102
254
58
204
105
212
93
99
210
81
66
225
50
228
91
206
3
138
120
253
74
91
186
183
11
185
88
215
102
229
48
219
96
294
128
238
53
69
263
203
273
86
297
161
156
22
24
174
265
97
293
278
90
187
84
290
195
96
201
295
90
249
72
244
58
196
77
169
314
138
51
63
225
48
233
52
243
91
247
78
245
121
273
70
206
89
226
118
20
108
230
79
286
106
12
107
234
111
251
59
69
193
215
59
245
56
63
142
50
232
42
194
268
185
92
191
286
193
79
195
282
204
153
17
171
28
130
48
204
10
207
70
224
96
234
105
209
35
52
244
100
105
232
45
42
139
47
227
89
73
235
78
85
176
56
168
159
22
161
211
75
234
43
45
206
102
283
99
219
111
249
123
32
193
70
159
195
97
189
282
94
253
61
160
298
117
251
143
13
154
65
151
69
169
257
105
225
98
194
86
221
105
6
148
2
99
314
189
20
188
31
207
42
208
56
151
291
105
203
303
114
225
235
45
188
14
153
9
180
26
162
68
238
233
102
220
97
217
66
153
67
209
267
212
262
210
56
242
82
222
23
118
102
3
98
110
226
79
268
90
302
205
308
161
214
46
228
77
224
47
206
271
189
191
17
188
5
107
205
92
253
57
205
53
244
62
174
262
147
2
155
13
216
94
307
144
50
216
57
61
217
48
240
110
237
305
279
79
216
27
133
139
143
66
72
234
54
56
205
29
151
10
187
264
200
259
210
215
64
265
258
106
203
300
130
237
48
212
83
211
49
238
54
193
263
165
292
200
280
78
219
109
253
250
134
117
256
133
38
33
139
45
236
92
283
96
237
60
179
87
300
117
246
111
310
97
248
105
7
4
311
210
310
148
62
171
58
209
106
96
254
101
113
256
61
57
144
265
201
268
203
103
257
111
218
212
74
208
98
237
123
28
118
100
0
131
43
203
285
95
304
212
35
130
243
113
248
121
251
96
300
162
60
245
61
223
227
117
14
167
264
208
80
70
208
261
108
243
239
129
253
122
260
205
0
185
94
94
210
80
254
88
238
313
214
113
250
119
27
208
102
86
275
201
105
252
149
60
209
73
214
101
207
57
222
83
231
121
25
17
150
66
265
190
279
83
284
196
97
200
298
161
23
241
90
220
85
88
224
117
220
107
92
198
288
137
244
242
51
209
111
128
257
159
44
42
219
40
220
41
210
50
209
268
211
96
244
112
15
213
205
95
197
102
207
59
238
113
21
148
307
134
302
136
128
260
121
109
206
39
204
103
237
109
97
239
68
215
46
235
65
259
172
288
93
186
180
8
104
255
115
271
95
84
236
53
149
261
74
238
55
56
244
150
266
179
6
138
264
207
45
215
72
240
90
228
52
139
61
242
90
103
214
109
221
228
79
245
125
288
89
278
94
208
73
179
83
91
188
74
248
81
68
236
111
211
203
97
227
39
226
105
14
109
208
61
199
102
98
251
282
121
252
95
231
243
117
220
56
218
230
43
186
68
245
119
258
174
3
146
19
109
12
108
229
63
209
69
244
65
210
83
215
36
218
60
52
227
226
42
17
154
14
240
69
227
98
250
151
58
203
98
100
204
283
190
277
79
176
5
204
266
81
172
63
261
125
22
173
50
229
69
206
80
204
9
141
270
70
213
57
215
108
16
209
93
279
119
221
89
87
219
98
312
114
214
181
85
97
192
209
63
236
61
247
59
216
96
192
266
199
275
89
216
108
244
89
174
260
67
223
57
211
86
244
123
308
307
205
88
272
182
6
151
131
303
164
11
204
24
218
227
70
268
208
86
94
234
49
40
223
121
31
184
178
80
284
97
0
1
140
46
231
126
133
42
44
216
31
20
116
237
65
144
3
303
117
106
6
12
115
217
219
212
71
207
212
106
229
229
44
210
269
68
248
127
34
173
169
82
276
115
219
39
28
124
125
305
203
2
176
81
175
68
253
116
227
76
275
193
277
88
234
49
222
122
249
152
264
146
313
128
24
137
256
125
122
23
158
293
167
292
98
202
293
155
166
24
117
254
68
170
193
97
84
172
65
257
250
107
249
64
65
226
51
206
294
93
237
46
208
33
205
99
92
293
118
221
73
276
87
90
233
58
219
117
253
106
242
109
208
36
131
14
110
229
109
305
142
312
182
86
225
108
224
107
11
240
235
109
297
209
66
52
212
216
106
221
58
248
254
61
225
69
237
86
85
215
14
119
110
210
174
82
268
161
70
172
292
177
84
208
43
136
256
105
219
108
105
213
204
297
110
220
112
7
102
255
70
223
44
217
80
223
85
