41
230
96
206
110
231
138
6
214
209
207
81
286
98
196
281
80
287
125
228
48
55
217
106
231
97
253
123
27
221
92
93
281
78
227
67
248
169
264
129
38
230
50
142
258
121
277
93
254
253
152
60
247
63
192
259
198
262
130
148
2
149
4
267
75
245
242
55
67
165
8
108
140
5
115
230
233
115
256
204
99
268
194
242
248
129
241
114
13
163
147
309
133
283
292
205
53
192
214
209
108
212
139
48
141
304
35
123
290
94
227
80
270
200
281
207
49
138
57
236
235
85
217
213
49
161
30
119
251
82
295
205
104
101
235
128
259
161
50
227
131
30
125
303
115
257
104
223
48
228
217
108
238
115
0
170
270
114
256
63
230
92
309
145
69
216
86
293
85
95
211
77
209
265
186
81
258
150
251
59
240
120
26
205
86
249
118
262
172
77
236
143
150
132
133
50
135
2
19
168
65
214
35
126
125
285
216
56
216
63
239
52
209
1
103
12
167
10
212
47
135
292
205
22
203
0
147
5
105
108
236
51
220
96
284
295
127
239
48
37
53
239
235
80
184
206
6
181
73
251
124
114
224
110
208
76
210
87
233
103
91
297
162
156
53
146
242
69
189
33
187
201
306
237
92
251
94
106
213
94
283
87
211
24
135
43
235
96
248
90
98
241
57
208
67
220
74
264
206
276
204
190
163
64
151
169
261
169
159
60
220
105
302
173
74
225
65
239
125
116
224
112
222
96
193
255
171
298
196
40
221
69
197
50
230
46
140
7
116
232
96
100
4
208
65
248
103
212
94
104
286
283
21
15
166
61
143
262
72
273
213
76
248
71
74
239
50
211
296
210
56
247
20
156
309
123
258
78
264
158
18
114
14
217
68
160
17
156
37
213
39
18
164
23
186
244
121
281
273
302
133
140
133
284
294
129
275
200
156
67
219
117
287
80
248
101
219
62
146
263
121
27
180
188
34
206
55
142
141
1
147
308
173
25
112
247
95
190
73
272
214
43
141
8
117
265
140
4
239
95
299
235
116
274
113
219
116
101
312
99
117
239
73
213
7
157
164
156
20
157
39
212
154
33
33
206
218
84
234
102
104
217
299
209
66
53
243
56
218
66
223
92
180
310
123
26
167
76
173
80
245
55
217
101
104
202
31
216
111
210
26
165
14
119
248
70
215
80
77
166
305
274
75
253
68
170
169
255
99
214
18
159
8
207
177
80
216
60
260
122
259
206
78
69
235
54
204
39
187
226
87
248
238
75
212
281
198
200
294
127
305
101
244
66
261
209
246
92
228
111
253
101
205
83
289
195
259
112
246
57
83
232
120
225
39
222
37
206
45
43
234
103
221
90
302
138
43
202
18
153
284
211
38
131
39
216
76
230
51
234
243
76
225
41
229
190
43
186
249
82
99
0
96
190
32
18
131
300
126
27
165
285
100
9
313
206
92
291
37
131
261
90
209
293
201
100
218
61
209
103
84
174
286
206
33
22
20
190
277
69
160
18
220
99
213
81
83
71
61
60
167
170
79
211
104
3
150
37
130
33
224
103
292
2
98
246
104
294
107
309
126
289
263
178
69
52
245
77
82
219
105
232
243
104
310
148
240
85
302
132
118
236
46
238
227
53
246
248
84
285
194
27
145
275
279
89
212
106
245
76
223
86
232
82
215
222
88
240
67
224
121
229
131
127
247
93
309
18
14
125
254
161
185
89
229
73
281
135
151
14
38
217
62
63
220
93
291
102
212
62
260
86
251
133
37
123
147
61
205
37
41
200
93
203
97
225
71
254
116
113
304
98
306
219
50
214
10
105
202
292
126
241
107
254
255
108
212
264
112
313
138
3
143
257
91
311
165
301
307
100
195
198
233
46
39
179
180
308
178
273
77
85
213
79
251
116
28
37
218
101
5
99
195
274
101
243
246
85
298
304
24
123
135
131
264
95
221
228
39
207
17
15
187
91
290
78
246
54
221
68
265
265
178
67
221
72
236
130
261
81
232
98
278
118
232
54
220
62
144
10
110
0
0
144
35
211
33
134
262
183
273
185
22
112
16
170
48
146
12
205
98
248
108
254
62
78
210
66
77
89
240
113
113
234
122
296
169
309
276
212
36
223
56
203
44
207
52
236
58
249
110
250
98
230
122
255
60
204
306
135
47
210
104
236
103
204
279
255
158
68
205
308
56
246
152
29
37
177
165
24
130
292
123
30
153
150
28
202
175
126
253
160
307
297
308
202
191
183
38
42
217
182
277
78
159
283
200
194
36
28
207
50
237
298
102
206
36
201
0
6
3
107
239
71
80
247
79
91
231
79
231
65
262
208
78
216
6
141
275
89
294
298
132
54
43
58
247
152
34
32
174
80
210
108
122
247
71
201
262
67
218
83
101
91
267
116
218
96
192
52
65
232
48
234
47
223
198
28
36
33
131
269
110
97
188
56
53
42
214
85
252
58
59
252
115
255
92
215
33
197
82
288
290
225
43
49
233
117
286
105
233
52
44
223
41
211
55
246
89
186
84
299
265
77
249
80
80
233
110
254
251
142
8
311
127
40
133
305
270
93
213
57
180
72
233
126
313
100
203
105
112
212
264
144
15
145
0
92
311
96
207
269
276
287
159
76
283
255
247
104
235
87
107
239
103
103
218
205
24
238
66
155
258
103
115
244
111
215
98
10
143
279
194
189
79
244
51
129
229
39
129
260
151
267
210
106
291
85
198
77
287
79
208
186
91
246
241
71
268
115
123
258
160
170
81
208
54
247
97
222
60
236
97
104
211
98
292
159
312
145
41
43
157
74
246
82
189
75
278
146
167
67
48
129
29
170
289
297
153
12
18
213
104
252
78
185
201
13
24
17
23
176
27
48
137
146
12
204
279
209
13
157
22
171
182
21
123
270
283
286
115
222
52
231
117
105
216
24
113
249
75
250
242
103
108
256
122
259
143
249
243
90
272
105
3
26
201
190
31
25
193
99
206
43
198
302
165
211
25
134
0
217
19
123
257
107
213
186
203
272
68
163
310
92
225
84
255
59
147
263
210
6
14
148
49
142
9
122
34
125
106
218
51
241
177
304
145
53
229
95
86
181
189
47
238
198
212
76
202
38
221
24
126
112
234
70
264
11
108
242
142
166
26
51
42
220
65
159
26
126
8
154
62
247
108
242
54
215
33
28
162
259
183
34
218
63
57
227
59
139
308
138
41
223
102
278
201
32
202
66
248
88
189
188
282
93
248
60
219
65
156
16
9
182
96
194
44
213
51
147
259
196
269
160
21
190
58
208
211
88
249
127
124
312
96
310
101
220
73
162
55
243
63
255
127
145
54
33
45
132
305
91
213
282
129
107
8
55
159
299
88
252
135
233
62
72
237
82
250
162
21
24
152
11
119
233
78
271
203
303
237
87
215
74
229
118
312
239
121
24
201
78
214
270
109
232
109
11
154
57
52
217
84
297
269
205
49
135
264
85
262
148
243
80
267
70
172
76
164
309
141
160
149
143
253
109
245
130
258
63
147
8
102
237
88
256
103
255
146
133
42
52
238
83
77
260
139
306
204
41
208
272
290
79
271
212
174
236
85
241
236
46
210
31
127
260
188
41
297
87
246
144
51
211
293
105
94
229
80
69
243
114
217
95
234
314
183
64
164
302
102
122
111
302
211
58
148
1
99
244
90
179
190
81
218
30
178
83
203
192
264
182
171
137
305
138
4
135
35
173
163
31
145
261
284
84
63
56
247
90
196
258
191
80
185
64
154
63
222
199
259
124
258
158
307
211
64
207
76
272
266
204
50
140
62
245
54
250
65
218
46
147
265
82
239
234
83
258
256
126
38
155
160
140
310
90
216
96
92
227
100
115
220
81
91
107
209
76
237
311
208
194
284
85
82
227
42
211
6
2
143
307
94
190
29
29
180
224
76
235
246
95
254
264
98
249
164
268
157
224
37
51
135
312
18
169
10
110
258
115
133
287
197
86
191
152
61
214
199
286
222
65
203
283
120
22
126
280
77
91
208
109
213
98
113
212
113
288
162
14
147
164
68
77
205
28
181
37
148
55
51
233
56
164
59
174
295
204
212
46
147
61
258
193
41
132
137
262
156
37
178
36
126
35
205
30
31
18
114
266
264
108
218
80
110
219
16
114
255
151
16
172
223
52
216
13
190
49
206
44
130
136
241
87
193
261
137
254
106
230
101
106
92
308
104
7
314
203
171
80
83
69
70
88
218
92
266
303
121
36
42
181
231
67
246
105
109
205
32
130
15
125
257
165
278
278
72
162
164
60
208
159
19
112
218
35
208
281
97
221
84
171
79
218
93
214
89
206
108
238
80
169
76
183
193
31
177
202
42
230
200
187
282
206
71
154
12
240
119
293
143
140
2
138
232
88
228
75
81
230
88
212
59
235
133
1
128
256
123
249
92
248
236
243
124
310
125
112
109
215
38
212
201
80
190
189
51
39
127
113
246
120
136
233
97
280
101
302
203
66
241
203
36
165
161
268
153
185
25
225
46
217
312
171
82
189
217
99
240
124
224
54
207
38
125
126
257
261
158
209
34
213
293
235
117
249
106
244
188
277
91
261
127
27
220
111
10
116
252
83
100
199
79
210
34
129
295
219
215
98
270
248
61
224
31
201
309
200
83
271
126
286
211
52
204
18
192
24
185
43
204
33
221
88
225
231
85
98
310
91
292
282
192
223
83
232
79
102
214
212
215
44
236
62
206
48
136
313
306
97
215
91
88
244
53
241
73
232
57
209
108
299
129
135
26
209
71
222
68
218
89
281
107
209
144
51
236
78
168
264
198
266
182
37
135
260
120
301
141
64
239
60
221
59
247
115
242
131
22
217
115
99
245
65
143
247
83
221
235
62
82
207
63
219
206
289
274
184
22
127
256
107
207
88
215
110
123
261
278
95
263
137
45
203
206
39
209
111
310
131
284
292
122
28
201
285
207
34
192
276
184
263
200
201
286
137
3
108
211
263
133
303
95
309
142
213
59
241
81
252
98
232
66
246
93
230
47
145
313
144
310
133
32
200
213
53
142
47
144
33
193
208
68
151
167
272
193
280
285
109
217
69
216
171
254
99
313
308
125
40
211
273
122
250
60
227
39
134
134
258
310
206
35
204
73
257
121
236
69
223
120
129
262
164
291
128
131
313
148
314
304
141
310
290
80
73
230
48
211
266
100
211
106
246
94
301
135
153
63
247
239
106
205
210
49
235
11
142
311
106
200
265
153
164
145
65
175
2
104
213
113
253
100
225
238
118
222
235
47
140
260
159
71
232
124
26
202
37
225
58
141
52
140
6
253
114
229
16
112
275
263
114
257
112
4
153
159
22
25
194
211
80
168
140
52
226
74
61
206
28
208
101
193
270
103
231
71
157
74
174
87
70
219
94
252
110
7
206
291
104
87
77
242
59
223
94
214
77
175
59
224
223
103
254
127
230
69
249
74
179
32
206
82
82
87
229
125
115
16
196
81
262
145
134
233
104
256
85
212
90
225
101
272
312
135
261
263
211
92
295
86
234
108
220
83
273
192
182
218
113
296
199
184
89
303
201
65
156
146
256
64
80
188
99
205
302
90
252
301
201
312
306
95
225
38
204
94
265
177
74
86
93
89
249
79
210
73
164
12
26
204
25
258
122
279
128
33
213
61
246
51
200
45
58
237
52
68
226
278
197
201
302
22
115
223
100
198
93
284
132
263
308
141
51
40
182
75
76
267
178
310
8
311
203
41
161
213
106
274
211
30
175
169
30
196
198
199
265
188
88
250
123
115
301
122
223
70
234
45
224
165
73
236
88
296
112
225
59
248
125
244
82
291
135
300
115
116
228
45
135
310
142
313
101
282
233
47
141
258
107
9
201
186
79
289
136
261
122
22
119
9
151
249
86
223
159
72
210
92
76
214
57
133
262
109
19
118
31
220
81
282
77
247
132
40
224
48
196
197
289
211
262
128
28
221
39
49
224
53
165
55
220
91
252
278
128
299
306
94
184
185
20
122
227
129
143
308
93
88
181
18
110
224
101
97
287
87
239
172
300
296
206
306
105
304
206
30
192
45
203
307
148
132
122
314
136
253
161
71
216
45
225
225
81
263
211
85
179
26
113
20
222
58
42
124
41
39
135
117
282
98
196
103
4
102
243
101
298
126
290
233
68
78
223
45
57
240
62
161
250
84
240
248
112
254
133
148
67
264
206
26
151
53
61
173
23
30
140
294
152
66
259
206
106
314
90
217
101
6
155
181
270
202
282
112
231
104
115
10
132
3
108
217
41
203
81
209
28
151
13
153
64
205
300
153
72
209
78
90
223
87
178
159
263
256
116
146
9
22
174
33
126
258
151
247
102
113
225
224
99
230
100
236
0
135
301
290
85
181
87
216
67
265
10
158
252
86
226
163
62
246
116
16
143
261
116
126
243
92
83
89
295
170
203
27
28
169
77
170
258
131
48
1
114
246
107
101
306
311
122
138
254
73
221
109
231
58
170
292
85
276
79
233
226
54
229
45
149
152
149
156
169
14
155
60
148
283
209
83
222
11
251
129
108
249
87
69
218
54
143
162
75
279
271
273
16
107
210
308
95
243
69
245
146
62
233
98
313
180
191
26
163
19
201
294
167
32
210
217
147
16
169
144
247
68
153
169
60
253
77
266
167
142
45
221
61
214
53
240
105
249
96
262
108
4
105
287
206
84
291
96
196
35
63
252
96
304
257
119
259
143
11
208
309
301
208
40
57
151
239
49
220
15
9
210
102
254
166
204
105
212
91
99
210
24
63
225
65
228
42
206
3
306
135
256
74
277
186
12
130
294
306
216
102
216
48
219
113
112
311
238
53
69
260
203
273
86
271
304
156
22
200
307
171
166
175
82
92
187
77
290
195
96
201
295
135
249
72
244
58
76
174
169
314
17
146
63
242
86
233
64
243
91
243
78
261
121
15
202
206
87
226
118
230
108
230
79
262
106
12
205
208
111
255
87
69
220
221
50
245
56
58
225
50
242
52
210
14
185
92
191
286
193
28
195
282
143
147
17
171
257
130
41
204
307
207
70
184
96
234
85
167
252
73
244
100
111
232
45
42
139
47
294
208
73
282
85
85
176
56
154
159
22
161
214
75
213
56
204
206
205
271
119
219
111
248
123
43
193
70
28
124
3
189
282
94
103
10
160
298
117
251
120
7
148
254
151
61
67
257
105
305
98
209
86
221
105
6
148
2
99
257
120
20
157
33
207
42
208
56
145
15
105
203
16
114
258
235
45
41
14
153
7
180
26
162
68
238
85
102
220
112
229
60
153
73
209
267
191
262
174
56
242
58
22
23
118
301
283
100
110
236
79
268
95
302
94
308
184
196
46
228
55
224
47
206
270
282
297
157
170
284
80
93
193
82
297
198
53
244
62
174
38
159
14
155
1
216
103
307
144
160
144
55
40
217
48
240
143
252
146
279
79
216
22
28
139
53
213
72
205
45
126
232
7
151
10
187
14
6
100
109
215
64
265
258
106
203
300
93
237
48
212
83
211
56
238
54
72
182
165
292
283
77
82
243
113
253
141
134
129
256
133
38
33
212
45
236
249
245
96
237
60
179
87
240
94
246
111
109
244
248
105
7
152
310
109
211
47
62
171
58
209
106
252
254
101
113
256
248
57
250
56
184
268
203
103
213
111
260
175
74
208
98
228
123
28
118
4
0
133
265
203
285
203
3
148
35
291
263
113
229
121
251
84
257
137
129
245
61
223
27
207
14
114
264
86
174
69
208
265
108
243
36
129
253
194
260
205
46
186
90
94
210
80
273
129
238
90
214
113
239
119
27
208
103
120
275
201
105
252
56
60
209
81
279
101
278
78
249
83
276
121
25
131
150
66
265
190
272
207
69
196
97
200
298
161
72
187
87
220
220
88
224
62
259
185
92
198
288
137
244
242
51
22
111
128
257
159
44
42
219
40
220
41
218
32
206
1
282
103
244
112
15
15
205
93
197
266
207
59
238
113
21
120
307
134
302
136
142
136
310
301
206
39
204
103
237
109
97
239
51
221
46
235
65
226
172
264
93
81
180
8
104
104
115
271
114
240
236
53
179
261
74
238
67
56
244
83
266
179
6
138
264
208
45
215
72
273
90
228
52
50
61
242
102
101
214
109
221
99
116
245
125
252
89
182
153
208
73
179
83
91
188
74
248
246
68
236
111
127
308
97
227
39
226
105
290
109
208
61
198
102
98
237
113
121
269
116
231
243
117
220
299
150
264
175
186
68
245
119
258
148
3
146
19
109
256
120
229
195
209
69
72
64
210
83
215
36
218
60
158
281
226
42
17
154
140
240
69
192
98
250
151
277
203
98
193
171
27
186
277
79
176
6
204
27
169
171
185
261
117
22
152
57
229
69
206
302
204
9
179
269
70
166
57
222
108
93
209
95
282
274
269
277
87
219
96
302
114
214
181
301
97
192
257
63
236
61
247
59
214
96
188
70
75
100
205
216
108
244
194
192
233
67
223
57
195
86
247
121
282
190
216
88
272
182
31
151
131
16
164
173
31
46
216
227
112
268
261
252
76
185
49
53
237
121
36
184
91
303
284
97
0
1
132
44
32
126
134
49
204
32
36
124
116
237
239
136
163
264
259
106
6
14
115
218
98
212
64
181
212
106
229
233
44
124
269
68
155
127
34
173
179
82
234
115
124
286
28
124
141
292
157
36
176
81
204
291
253
116
236
76
263
73
84
245
234
78
235
122
249
178
264
152
10
128
298
137
256
125
119
23
158
293
167
292
288
94
76
211
166
24
191
254
68
265
313
97
295
172
65
257
257
107
250
64
71
206
51
206
294
114
237
59
208
33
205
212
100
255
85
247
73
276
294
90
233
49
226
117
253
106
242
109
120
36
131
255
110
229
109
127
142
312
182
196
51
235
94
106
11
101
235
109
297
133
54
216
212
216
106
221
42
127
234
61
225
69
237
86
173
173
14
119
110
210
100
80
261
161
70
83
174
177
63
208
43
136
256
105
219
108
105
100
204
297
110
220
26
7
102
255
70
211
66
178
80
223
85
