41
230
96
313
110
231
138
6
182
90
207
81
286
98
196
281
80
287
125
228
48
55
217
106
231
97
253
123
27
221
92
76
281
78
227
67
248
169
264
129
38
230
50
142
258
121
277
93
254
154
152
60
247
63
191
72
268
262
154
148
14
149
4
267
75
245
242
55
67
165
172
299
140
5
113
228
233
115
256
204
99
268
151
242
248
129
241
114
13
163
147
309
133
283
292
205
53
192
261
209
108
212
139
48
39
304
35
123
290
94
227
80
270
200
281
207
49
138
57
236
235
85
217
213
49
161
30
119
251
82
295
205
104
101
235
128
259
161
50
244
131
30
125
303
115
257
104
223
48
209
217
108
238
115
0
170
270
114
256
63
230
92
309
145
69
216
86
293
208
95
211
77
209
265
186
81
245
150
251
59
240
120
26
205
86
249
118
262
172
77
236
143
150
132
133
50
135
2
19
168
65
214
35
126
11
104
216
56
228
63
239
52
209
1
103
12
143
10
212
47
214
52
205
22
203
0
147
314
105
108
236
51
220
96
309
295
127
239
48
190
53
239
235
80
184
206
83
181
73
251
124
114
224
106
208
76
210
87
233
103
91
297
162
156
53
146
242
69
189
33
187
177
309
237
92
251
94
106
213
94
283
87
211
24
135
43
235
96
248
90
98
241
57
208
67
220
74
210
206
276
277
190
264
64
151
169
162
169
159
60
220
105
302
173
74
225
65
239
125
116
224
112
222
96
193
255
171
298
147
40
221
69
225
93
230
46
140
7
116
232
96
100
4
208
65
248
103
212
94
245
286
283
159
15
166
61
143
262
72
273
213
76
248
71
74
239
50
211
82
210
56
247
20
156
261
123
243
78
264
158
18
114
14
217
68
214
17
175
37
213
39
6
164
23
130
244
121
281
273
302
133
298
133
284
294
129
275
200
156
67
219
117
287
80
248
100
219
62
146
263
121
27
180
188
34
206
55
142
141
1
147
308
140
25
112
247
95
190
73
272
214
48
141
8
182
265
206
55
239
95
299
235
116
18
113
219
116
101
199
99
117
239
73
213
7
157
8
156
20
157
39
212
154
33
33
206
218
84
234
102
104
248
96
209
66
53
243
56
218
66
223
92
180
310
123
26
167
76
173
80
245
55
217
101
104
202
101
216
111
221
26
165
16
119
248
70
215
80
77
166
305
274
75
268
68
170
169
255
99
214
18
159
8
207
177
80
216
60
260
122
259
206
78
69
235
54
204
39
187
212
87
248
238
75
212
281
284
200
294
127
305
101
244
66
261
209
94
92
228
111
253
101
205
198
289
195
297
112
246
57
83
232
120
225
39
222
37
206
45
43
234
103
221
90
302
138
43
202
18
119
284
211
38
131
39
216
76
230
51
234
243
76
225
41
229
63
43
186
249
115
99
0
96
190
32
18
112
300
126
27
165
7
100
9
313
206
103
291
37
131
261
90
209
293
201
100
218
61
209
103
84
174
286
206
33
22
20
190
51
69
160
18
220
99
213
81
83
71
61
60
167
170
82
211
104
3
150
37
130
33
224
103
292
2
98
246
104
294
108
6
126
289
88
193
69
52
245
77
82
219
107
232
243
104
310
148
240
85
300
132
118
236
46
238
227
53
246
248
84
285
194
27
191
275
279
89
212
106
245
108
233
122
232
82
215
222
88
240
67
224
121
229
104
127
247
93
309
18
122
125
254
161
185
89
229
73
281
135
151
14
38
217
62
63
220
93
232
102
212
62
260
86
251
133
37
123
147
61
205
37
41
187
93
203
97
225
71
254
116
113
304
98
306
157
50
206
10
105
202
261
126
241
107
254
255
108
111
264
112
313
138
3
143
257
91
217
165
301
307
100
195
198
233
46
39
179
180
308
178
273
77
85
213
79
251
116
28
37
218
101
5
99
195
274
101
255
246
85
298
113
24
123
229
131
264
80
221
228
39
207
17
15
187
91
287
78
246
54
221
68
187
265
162
67
221
72
236
130
261
81
232
98
278
118
232
54
220
62
144
10
110
213
0
144
35
211
33
134
262
183
273
185
22
112
16
152
313
146
12
109
98
248
108
254
62
78
210
66
77
89
240
113
113
234
122
296
169
309
33
210
36
223
56
203
44
207
52
236
58
249
110
250
98
226
122
255
185
204
42
135
47
210
104
236
103
204
300
255
158
68
205
70
56
246
152
29
37
177
165
24
130
292
123
30
153
150
28
202
47
164
288
160
307
304
308
202
191
183
38
42
217
182
277
78
91
283
200
194
36
28
207
50
237
236
102
206
36
201
0
6
102
107
239
71
80
247
79
91
231
79
231
65
262
208
78
216
6
141
2
204
294
298
132
31
43
58
247
152
34
32
174
89
210
290
122
247
298
201
262
67
218
83
248
91
267
116
218
96
192
52
65
232
48
234
47
229
198
28
36
33
131
269
285
97
188
219
53
70
214
85
252
58
59
252
115
267
92
215
33
197
82
288
198
225
43
49
233
117
299
105
233
52
44
223
41
211
55
246
89
195
84
299
265
77
249
80
80
233
110
254
251
142
8
311
127
40
133
305
270
93
213
83
180
72
233
126
313
100
203
105
112
212
264
144
15
145
276
92
311
96
207
269
276
287
159
76
283
255
247
104
235
240
109
239
103
103
218
205
24
156
71
155
258
103
115
244
111
215
12
10
143
279
194
189
79
244
51
129
229
39
129
260
151
267
210
106
291
85
250
99
287
79
208
186
91
246
241
71
268
115
123
258
160
251
81
208
54
247
97
222
50
236
97
104
211
98
254
159
312
145
41
43
157
74
246
82
189
75
278
146
242
67
48
129
29
170
32
157
153
12
147
213
104
252
78
185
201
13
24
17
23
176
27
48
137
146
12
204
279
209
291
157
22
171
182
21
123
270
283
286
115
222
52
231
117
105
216
24
113
249
75
250
242
103
108
256
122
159
251
249
73
90
277
105
3
264
201
190
31
25
193
99
206
43
141
302
165
153
19
134
49
217
19
123
257
107
213
206
203
81
68
163
310
92
225
84
255
59
147
263
212
6
14
148
49
142
9
122
34
125
106
218
51
232
177
304
145
53
229
95
86
181
189
47
161
285
192
76
202
38
221
24
126
112
234
70
264
11
108
288
187
166
145
51
219
220
65
184
26
126
8
154
62
247
108
242
54
215
33
28
162
259
183
34
218
63
57
227
59
139
308
138
55
223
102
278
201
32
202
66
248
88
200
198
282
93
248
60
247
65
156
16
188
182
193
194
44
235
51
147
259
196
269
160
21
157
58
208
211
88
249
127
124
312
96
310
101
220
73
162
55
243
63
255
127
145
54
33
45
132
305
91
228
282
129
107
8
11
159
299
88
252
135
233
62
237
237
82
250
162
21
24
152
11
119
233
78
71
203
303
237
87
215
74
221
118
312
239
121
24
201
78
214
97
109
232
109
11
154
57
52
217
84
297
269
205
49
135
264
85
262
148
243
80
267
70
172
76
164
309
141
160
149
143
253
109
245
130
258
63
147
8
141
237
88
256
103
255
146
133
42
52
238
83
77
260
139
306
204
68
208
274
76
69
271
212
114
236
85
241
236
75
210
31
127
260
188
93
297
87
246
64
51
211
293
105
94
229
80
69
243
114
217
95
234
314
183
64
164
302
102
122
111
302
211
58
148
1
99
244
90
179
190
81
218
30
178
83
203
192
264
182
171
137
305
138
4
135
35
203
29
31
172
261
185
162
63
56
247
90
196
258
96
109
209
64
154
63
222
199
259
124
258
158
307
211
64
207
76
181
277
204
50
140
62
245
54
240
58
218
46
147
280
82
239
234
83
67
256
126
38
155
160
140
310
90
216
96
92
227
100
115
220
81
91
107
209
76
237
311
208
194
284
85
82
227
42
211
6
309
143
307
94
190
29
29
37
224
76
235
246
95
254
200
98
249
164
268
157
224
37
51
135
312
18
169
10
110
258
115
133
287
197
86
191
146
61
214
199
286
222
65
203
283
207
22
126
280
77
91
208
109
213
98
113
212
113
288
162
14
147
164
68
77
205
28
181
59
148
209
51
233
56
164
265
174
295
204
212
46
147
61
258
193
41
132
137
7
156
37
178
36
126
35
205
30
31
18
114
266
95
108
218
80
218
219
215
114
255
121
16
172
129
42
216
197
190
49
206
44
130
136
241
87
193
261
137
254
106
230
101
106
92
308
104
7
314
203
211
80
83
192
183
88
218
92
98
303
121
36
42
184
81
67
246
105
109
205
32
130
15
125
257
165
81
278
72
162
164
60
208
159
19
112
218
35
208
3
97
221
84
171
79
218
93
214
89
206
108
238
80
169
76
183
193
31
177
202
42
230
89
187
282
208
71
154
13
240
119
293
143
140
2
138
232
88
228
75
81
230
88
212
59
235
133
1
128
256
123
249
92
248
236
243
124
310
125
112
109
215
38
212
81
284
190
189
51
39
127
113
246
120
136
233
97
280
101
302
203
66
241
203
36
165
78
268
153
185
276
225
46
217
312
171
82
189
217
99
240
124
224
54
207
38
125
126
257
261
158
209
34
213
293
235
117
249
71
244
188
277
91
261
127
27
220
111
10
116
252
83
285
76
79
210
34
129
295
219
215
98
113
248
61
224
31
201
309
200
83
271
126
295
211
52
204
18
192
24
185
43
204
33
176
88
225
231
85
98
310
91
292
282
192
223
83
85
296
102
214
212
215
44
236
62
206
48
136
313
306
97
215
91
88
244
53
241
73
232
57
209
108
313
129
135
267
209
71
264
68
218
89
281
107
256
144
49
236
78
168
59
198
266
182
37
135
260
120
301
141
64
234
60
221
59
247
115
242
131
22
217
115
99
245
65
143
295
83
82
235
62
82
207
63
219
206
289
274
184
22
127
256
107
207
88
215
110
123
261
278
95
263
137
45
203
206
39
209
111
310
131
284
292
122
28
201
285
207
34
192
276
184
263
200
201
286
137
3
108
211
263
133
303
95
309
43
213
59
241
81
252
98
232
66
246
82
230
47
145
313
144
310
133
32
198
213
53
142
47
144
160
193
208
68
151
167
272
193
280
285
109
217
69
216
63
254
99
313
308
125
40
211
273
122
250
60
227
39
134
134
258
310
206
35
204
73
257
121
236
69
223
120
129
262
164
24
128
131
313
148
314
145
141
310
290
80
73
230
48
211
266
100
211
106
246
94
301
135
153
63
58
239
106
205
210
49
235
11
142
311
106
200
265
153
164
145
14
175
2
104
213
113
253
100
225
238
110
222
235
47
140
260
159
71
245
124
26
202
96
225
58
141
52
140
6
253
114
229
311
112
275
272
114
257
112
4
153
159
22
25
194
271
80
168
13
52
226
74
61
206
28
208
101
193
270
72
231
71
157
74
174
87
70
219
94
252
110
7
206
291
104
87
77
242
59
223
94
214
77
175
70
224
223
103
254
127
230
69
249
74
179
32
206
82
82
87
229
125
115
16
196
81
262
145
134
233
104
256
85
212
90
225
101
272
312
135
261
263
211
92
295
86
234
108
220
83
273
192
42
218
113
296
199
277
89
303
201
17
156
59
256
266
80
188
99
205
211
90
252
301
201
312
306
95
225
38
204
211
265
177
255
86
243
89
249
79
210
73
164
12
26
204
305
258
122
279
128
33
213
61
246
51
200
45
58
237
52
61
226
34
296
201
302
214
115
223
100
198
93
284
132
263
308
141
51
40
182
75
76
267
178
310
310
311
204
41
209
213
97
290
211
265
175
169
30
196
198
199
265
274
88
250
117
115
301
122
223
70
234
45
224
230
68
231
88
296
112
225
59
248
125
244
82
291
135
300
115
99
228
45
135
310
142
313
101
115
233
42
141
258
107
9
201
186
79
289
136
261
122
22
119
9
151
265
86
223
159
72
210
92
76
214
57
133
262
202
19
118
31
220
81
282
77
247
132
40
224
48
196
197
289
211
262
128
28
221
39
49
224
53
165
55
220
91
252
278
128
299
306
94
184
185
20
122
227
129
143
308
93
88
171
18
110
224
101
97
287
87
239
66
170
296
206
306
105
304
206
30
192
45
203
307
148
132
122
314
136
253
161
71
216
45
225
225
81
263
211
85
179
26
113
20
222
58
42
124
133
39
135
117
282
98
196
103
4
102
243
101
298
126
290
233
68
78
223
45
57
240
16
117
250
84
240
102
112
254
263
148
67
264
206
26
151
53
61
173
23
142
140
294
152
66
259
206
106
314
36
217
101
6
155
181
270
202
282
112
231
104
115
267
132
3
108
217
41
203
37
223
60
151
13
153
264
205
293
261
72
209
78
90
223
87
178
71
263
256
116
105
9
22
174
33
126
258
151
247
102
113
225
224
99
230
100
236
0
135
301
290
85
181
87
216
67
265
165
158
252
86
226
163
62
246
116
16
146
261
116
126
243
92
302
89
295
280
203
27
28
169
77
170
258
131
48
1
114
222
107
101
306
311
122
138
254
73
221
109
231
58
228
292
85
276
79
233
226
54
229
45
205
152
149
264
169
14
155
60
148
283
209
83
222
298
251
129
108
249
87
69
218
54
143
162
75
279
271
151
16
107
210
281
95
213
69
245
146
106
233
98
313
180
191
26
163
19
158
294
167
32
210
63
157
16
169
304
247
68
153
169
60
253
77
266
274
142
45
221
61
214
55
240
105
249
96
262
108
4
105
287
206
84
243
96
196
144
63
252
96
304
257
119
259
143
11
208
309
7
208
219
57
243
239
49
220
35
9
210
102
254
166
204
105
212
91
99
210
41
220
225
43
228
42
206
3
306
135
256
74
277
186
12
160
294
292
216
102
216
48
219
113
294
128
238
53
69
260
203
273
86
178
304
156
22
200
307
171
166
175
82
92
187
77
290
195
96
201
295
135
249
72
244
58
76
174
169
314
138
146
63
242
86
233
64
243
91
247
78
261
121
259
202
206
87
226
118
230
108
230
79
262
106
12
205
208
111
255
87
69
220
221
50
245
56
63
225
50
242
52
210
14
185
92
191
286
193
28
195
282
143
147
17
171
257
130
41
204
307
207
70
184
96
234
85
167
156
73
244
100
111
232
45
42
139
47
227
208
73
282
85
85
176
56
154
159
22
161
214
75
234
56
204
206
102
271
119
219
111
248
123
283
193
70
159
13
44
189
282
94
103
10
160
298
117
251
120
7
148
65
151
61
67
257
105
225
98
209
86
221
105
6
148
2
99
104
120
20
157
33
207
42
208
56
145
15
105
203
16
114
225
235
45
41
14
153
7
180
26
162
68
238
85
102
220
112
229
60
153
73
209
267
191
262
174
56
242
119
22
23
118
301
283
100
110
226
79
268
90
302
94
308
184
171
46
228
77
224
47
206
270
282
297
157
146
284
80
205
275
82
297
198
53
244
62
174
180
21
163
155
1
216
103
307
144
160
144
55
40
217
48
240
110
237
146
279
79
216
218
28
139
53
213
72
234
45
59
232
7
151
10
187
5
237
100
109
215
64
265
258
106
203
300
93
237
48
212
83
211
56
238
54
72
263
165
292
283
77
82
243
113
253
251
134
117
256
133
38
33
212
45
236
123
245
96
237
60
179
87
240
94
246
111
113
97
248
105
7
152
310
109
211
72
62
171
58
209
106
252
254
101
113
256
248
57
144
265
201
268
203
103
213
111
260
175
74
208
98
228
123
28
118
4
0
133
309
203
285
95
3
14
35
130
263
113
124
121
251
84
257
137
129
245
61
223
27
207
14
114
264
86
174
69
208
304
108
243
36
129
253
194
260
205
46
186
90
94
210
80
254
121
238
90
214
113
239
119
27
208
103
86
275
201
105
252
56
60
209
81
214
101
207
78
249
83
276
121
25
131
150
66
265
190
272
207
284
196
97
200
298
161
72
187
90
220
220
88
224
62
259
188
92
198
288
137
244
242
51
22
111
128
257
159
44
42
219
40
220
41
218
32
206
268
282
96
244
112
15
15
205
93
197
266
207
59
238
113
21
120
307
134
302
136
142
136
310
301
206
39
204
103
237
109
97
239
51
215
46
235
65
226
172
264
93
81
180
8
104
255
115
271
95
240
236
53
149
261
74
238
67
56
244
83
266
179
6
138
264
208
45
215
72
273
90
228
52
50
61
242
102
101
214
109
221
228
116
245
125
252
89
182
294
208
73
179
83
91
188
74
248
246
68
236
111
211
308
97
227
39
226
105
14
109
208
61
198
102
98
237
113
121
227
116
231
243
117
220
26
150
264
175
186
68
245
119
258
174
3
146
19
109
256
120
229
195
209
69
72
64
210
83
215
36
218
60
158
51
226
42
17
154
14
240
69
192
98
250
151
58
203
98
297
171
27
186
277
79
176
6
204
266
81
171
63
261
117
22
152
57
229
69
206
80
204
9
179
269
70
166
57
215
108
93
209
95
282
119
269
277
87
219
96
302
114
214
181
301
97
192
257
63
236
61
247
59
214
96
188
70
75
100
205
216
108
244
194
174
233
67
223
57
195
86
247
121
282
190
216
88
272
182
31
151
131
303
164
182
204
46
216
227
112
268
261
86
76
195
49
53
237
121
31
184
91
303
284
97
0
1
132
44
32
126
134
49
219
32
36
20
116
237
239
136
163
258
104
106
6
14
115
218
98
212
64
181
212
106
229
233
44
124
269
68
155
127
34
173
172
82
234
115
124
24
28
124
141
292
157
36
176
81
271
68
253
116
227
76
263
87
84
88
234
78
235
122
249
154
264
152
10
128
298
137
256
125
119
23
158
293
167
292
295
94
76
211
166
24
117
254
68
265
313
97
295
172
65
257
257
107
250
64
71
206
51
206
294
114
237
59
208
33
205
212
100
293
85
247
73
276
294
90
233
49
226
117
253
106
242
109
222
36
131
255
110
229
109
127
142
312
182
196
91
235
94
106
11
240
235
109
297
133
54
216
212
216
106
221
42
127
234
61
225
69
237
86
85
173
14
119
110
210
214
80
261
161
70
83
174
177
63
208
43
136
256
105
219
108
105
100
204
297
110
220
108
7
102
255
70
211
44
178
80
223
85
