41
230
96
247
110
231
49
6
182
1
207
81
286
80
196
281
80
231
69
228
48
55
235
106
231
97
253
133
27
221
92
76
281
78
227
67
248
82
264
129
38
230
50
138
258
121
277
93
254
154
152
60
247
63
223
72
178
262
154
148
14
149
4
267
75
245
242
55
67
165
172
299
140
5
113
228
122
115
256
311
99
268
113
242
248
78
241
114
13
163
261
309
133
283
4
205
23
192
261
209
108
212
42
48
39
38
35
123
290
94
227
80
270
200
281
207
49
138
57
236
235
85
217
213
49
152
30
119
251
82
295
205
104
101
235
128
259
149
50
41
131
30
125
121
115
257
104
208
48
209
217
108
238
115
0
170
270
114
256
63
230
92
90
208
69
238
86
293
208
95
211
77
209
265
186
81
245
143
251
60
240
120
26
175
86
249
118
26
188
86
236
143
243
140
133
50
135
2
19
168
49
214
32
126
253
104
216
56
228
109
224
52
209
1
103
12
143
10
212
47
214
36
205
22
203
0
147
314
105
108
236
51
220
96
93
295
127
239
48
50
53
239
235
80
184
262
83
181
73
251
97
114
224
106
208
76
210
87
233
103
91
297
162
156
53
146
242
69
189
33
187
46
51
237
92
251
94
106
213
94
217
87
211
263
135
43
235
96
248
90
98
241
57
208
67
220
74
210
206
276
89
190
264
64
151
169
162
169
159
60
220
105
302
173
74
225
65
239
125
116
224
112
222
96
193
282
171
298
147
40
221
69
250
93
227
46
140
7
116
232
96
100
4
208
65
248
103
212
94
84
286
196
159
262
166
61
143
262
72
273
213
76
248
71
61
239
50
211
73
210
56
247
72
155
19
123
243
78
264
158
18
114
14
217
68
214
17
29
37
213
96
5
164
23
127
136
121
281
273
302
133
298
204
284
294
129
275
145
156
67
244
98
287
80
248
100
219
62
146
263
121
27
180
188
83
206
55
142
0
1
147
308
140
25
112
247
95
191
73
214
214
48
141
8
182
265
206
55
239
95
1
121
116
18
113
219
116
101
199
99
117
239
73
213
7
157
8
156
20
157
39
212
154
33
33
206
197
84
234
102
104
305
96
209
66
53
243
103
218
64
223
92
180
310
123
26
167
76
173
80
245
55
217
101
104
202
101
216
111
221
26
165
16
119
248
70
215
80
77
166
305
274
75
268
176
170
169
255
99
214
18
159
309
2
177
80
216
212
29
122
259
206
261
69
235
54
217
221
51
212
87
248
238
75
212
86
284
200
294
127
286
101
244
66
261
199
94
92
228
95
253
101
205
85
289
195
297
112
246
57
136
232
120
225
39
222
37
206
38
43
234
103
221
90
252
138
43
202
18
119
21
211
38
131
39
216
76
230
46
234
243
76
225
41
229
224
56
59
249
115
99
0
96
190
32
18
112
300
195
76
165
7
100
9
166
206
103
227
37
131
261
90
209
293
201
100
218
61
209
103
84
174
286
206
21
22
20
190
268
69
160
18
220
99
213
81
250
71
211
60
167
170
63
211
104
3
150
37
130
33
224
103
292
206
98
246
104
294
108
6
139
289
88
193
144
52
245
69
82
219
107
231
243
104
209
86
95
85
300
132
118
236
46
238
52
54
246
248
84
285
194
27
124
275
279
89
212
106
245
108
233
122
232
82
215
222
88
240
67
224
121
229
237
127
247
93
309
304
122
125
254
163
185
89
229
74
158
263
151
14
38
217
62
63
220
93
232
102
212
62
251
86
297
133
37
185
147
61
205
37
214
187
93
307
97
225
71
254
116
113
304
174
306
157
52
206
10
105
202
261
126
241
107
254
255
108
111
264
112
131
138
48
60
257
91
217
165
301
91
100
195
55
233
46
39
179
180
308
178
273
77
85
213
79
251
116
228
37
218
101
5
99
195
274
101
255
246
85
298
148
24
123
229
66
264
80
221
228
39
207
32
15
187
91
287
100
246
54
221
68
148
265
162
67
221
72
236
130
279
81
232
106
124
118
232
54
231
62
144
10
110
213
13
144
45
211
36
134
262
183
273
185
22
112
16
152
313
146
12
109
129
248
108
254
62
78
210
152
255
89
240
113
107
307
122
296
169
169
261
210
36
223
48
203
44
207
52
236
58
249
110
250
98
226
122
255
188
204
42
135
47
210
104
236
103
204
300
138
243
68
205
40
56
246
123
29
37
161
165
24
130
292
123
30
153
150
23
202
25
164
288
160
25
132
308
202
307
183
38
42
217
292
215
78
277
283
199
194
36
51
207
50
238
236
102
206
36
139
307
6
102
5
239
238
80
247
95
91
231
79
68
65
262
208
78
216
6
141
2
204
294
298
132
31
197
58
247
152
34
32
174
89
210
290
84
247
75
201
262
67
218
83
248
91
267
116
218
96
227
52
65
232
48
234
47
229
45
28
36
33
131
8
285
97
188
219
53
52
214
85
252
155
59
252
115
272
92
215
33
210
82
288
198
225
43
49
233
117
12
105
233
52
62
223
41
211
55
246
89
287
199
299
88
77
249
80
80
233
110
254
135
142
8
152
127
40
133
305
270
93
234
83
180
72
233
126
313
100
203
105
112
212
264
144
56
145
276
92
99
96
207
269
195
265
263
74
283
255
247
104
235
240
109
228
103
103
278
205
56
156
71
155
258
114
244
244
111
211
19
10
142
279
275
189
94
244
51
129
178
39
129
260
151
267
210
106
291
85
250
99
287
79
208
186
91
241
235
71
268
115
123
258
160
251
81
208
54
247
97
222
50
236
97
277
211
98
209
173
312
146
139
6
206
74
246
53
189
75
278
146
155
64
48
129
29
170
32
157
153
12
147
7
104
252
78
185
12
14
123
17
23
176
27
48
137
241
12
204
279
209
291
157
22
171
19
21
188
270
113
221
31
222
66
231
117
109
216
24
113
249
75
250
242
103
108
256
122
247
251
249
73
90
200
105
3
213
201
190
50
37
193
99
206
43
207
302
163
153
19
134
49
217
19
123
257
107
213
192
194
81
68
171
310
92
225
84
255
65
182
263
212
6
311
144
49
142
9
122
34
125
106
218
51
232
166
304
155
53
235
95
308
181
189
47
161
285
192
76
202
38
221
24
126
112
234
70
164
13
108
101
207
163
145
51
219
220
65
152
26
126
289
154
62
247
108
242
54
215
41
28
162
69
183
34
218
63
57
227
59
139
308
138
55
239
102
278
201
32
177
66
248
88
200
198
282
93
248
60
247
65
202
16
188
182
193
194
68
235
51
147
266
196
269
160
21
157
58
208
211
88
249
127
134
312
96
310
33
220
73
227
88
243
63
255
127
145
54
175
33
132
305
91
303
174
293
107
216
11
159
299
88
252
135
233
62
237
235
82
250
162
21
24
152
11
119
276
78
191
203
303
237
87
228
74
221
118
312
239
121
24
201
78
214
97
104
232
109
11
154
57
67
217
84
297
269
205
49
135
286
85
262
148
243
80
267
70
172
76
164
309
141
10
266
143
313
94
245
130
258
265
147
8
141
237
88
256
103
255
146
1
43
52
238
83
77
260
139
306
204
68
208
274
76
69
271
212
61
237
85
294
232
75
210
31
127
260
188
93
297
87
246
64
51
211
211
105
94
229
80
69
243
86
217
95
234
84
183
64
164
305
123
122
132
302
142
58
149
1
99
244
68
82
190
81
219
30
178
83
203
89
264
182
171
137
305
138
4
144
12
203
29
180
172
261
160
167
54
56
247
90
196
258
96
313
209
64
154
63
222
93
259
124
258
158
307
179
64
207
76
181
277
204
50
140
53
245
54
240
58
218
46
132
280
82
239
74
234
67
256
126
38
19
160
140
310
90
216
96
92
227
100
115
220
226
91
260
209
76
237
311
101
2
189
85
82
227
42
203
6
309
143
307
94
190
29
209
37
224
76
235
246
95
215
200
98
249
164
268
97
99
234
51
135
312
18
169
11
110
258
115
21
217
197
86
191
46
61
214
199
286
269
65
203
283
207
22
194
280
77
91
208
109
213
98
113
212
113
288
162
14
147
164
68
77
205
28
181
59
148
209
51
233
56
164
265
197
295
204
212
46
190
74
258
193
41
132
149
7
156
37
178
36
126
35
205
30
31
129
114
266
95
108
218
80
79
219
215
114
20
121
16
172
129
42
216
197
190
49
206
44
130
241
241
87
193
261
137
254
106
230
101
106
92
308
104
7
314
201
211
80
70
192
182
88
218
92
98
303
121
36
42
184
81
67
246
94
109
218
32
130
15
109
257
165
81
278
72
162
164
60
208
159
19
112
218
35
208
3
97
221
84
171
79
218
93
214
89
252
108
240
80
169
76
183
193
31
177
202
42
230
89
187
282
208
71
154
13
240
119
293
143
140
264
138
232
88
228
75
81
230
112
212
59
235
133
1
128
131
123
281
92
248
112
243
124
310
125
276
109
215
38
212
76
284
190
189
51
39
229
113
246
58
136
303
97
280
101
302
203
269
272
203
36
165
78
268
310
150
47
225
59
217
312
171
82
189
192
99
286
123
224
54
207
38
125
126
257
261
158
209
34
213
50
235
117
249
71
59
209
277
91
261
127
27
220
111
10
116
252
83
272
76
79
210
34
129
295
101
215
98
110
248
61
224
85
201
309
200
83
297
126
43
211
52
204
267
192
24
185
43
204
33
176
88
225
231
235
98
310
91
292
282
192
177
83
294
296
102
214
216
47
44
236
62
206
48
136
313
306
97
215
91
105
244
83
241
73
232
57
209
108
313
129
135
31
209
71
264
68
218
89
214
167
256
131
49
236
78
168
297
198
266
182
37
135
260
120
301
141
64
234
60
221
59
229
115
242
131
51
217
115
99
245
65
143
254
83
81
235
62
82
207
63
201
206
289
274
184
22
127
256
107
207
40
215
227
123
261
278
95
248
137
294
203
206
39
209
101
310
131
284
22
122
28
201
285
207
34
192
276
184
263
200
201
5
137
3
108
211
263
134
303
95
309
43
213
59
241
118
252
98
232
76
246
82
230
47
145
313
144
310
133
262
297
213
53
142
47
144
147
66
208
68
151
18
164
74
280
285
110
217
69
216
63
254
99
313
308
125
260
211
273
122
250
60
227
39
134
26
130
301
206
35
217
73
257
121
236
69
223
117
129
293
164
24
128
131
313
148
314
145
141
310
201
80
73
230
48
211
8
100
211
106
246
94
301
135
153
63
58
239
106
205
210
49
235
11
142
311
106
200
265
306
311
145
14
146
2
104
213
113
253
100
225
111
110
222
230
47
207
260
159
71
245
124
26
202
96
225
58
141
52
140
6
253
114
228
127
115
117
272
114
257
112
4
153
159
24
25
195
293
80
168
13
52
226
74
61
206
28
208
101
193
270
72
231
71
157
74
174
87
215
219
94
252
110
7
206
291
104
217
77
250
59
223
107
214
77
175
75
224
223
103
254
127
230
69
249
74
179
32
206
82
82
87
229
125
115
104
196
188
262
145
45
233
104
256
85
212
90
225
128
37
312
135
261
197
211
92
295
86
234
108
220
83
273
192
42
218
113
296
199
277
89
303
235
70
69
158
256
92
80
187
99
205
211
90
252
301
201
305
306
95
225
38
35
211
265
141
255
86
183
89
249
84
210
73
164
12
26
204
305
198
91
279
128
33
213
61
246
51
35
45
47
237
52
61
226
127
296
201
302
214
115
221
100
198
93
284
132
263
133
141
51
40
182
75
76
267
178
310
126
311
204
41
209
213
97
311
149
265
175
169
71
196
198
199
265
274
88
291
117
115
301
122
223
55
234
45
224
230
68
231
88
296
112
216
59
257
125
247
82
291
135
300
295
99
228
45
135
310
142
313
101
115
233
42
141
293
156
9
201
184
79
289
136
261
122
22
119
9
151
265
86
223
159
72
210
92
76
214
57
204
262
202
19
118
31
220
81
282
77
247
132
40
224
48
59
197
289
127
262
128
28
221
39
49
224
53
165
55
220
91
252
123
128
299
306
94
184
24
20
122
280
129
143
308
93
88
171
18
110
224
101
97
287
87
239
66
170
296
206
306
90
304
206
30
192
45
203
307
148
132
2
314
136
150
161
71
216
45
225
62
78
263
211
85
179
297
113
215
219
58
42
229
133
39
135
117
270
98
196
103
4
102
243
101
298
126
290
233
68
78
237
45
57
240
16
117
250
84
240
10
112
254
263
148
67
264
206
26
211
62
75
173
192
262
140
294
152
66
259
206
106
314
36
217
101
6
155
181
270
202
282
112
231
104
115
267
276
290
108
217
41
203
37
223
60
151
13
153
264
205
293
261
72
209
78
90
223
87
244
71
60
256
116
105
9
35
174
33
126
258
151
247
102
113
99
224
99
230
100
236
0
135
301
209
271
181
87
252
67
265
165
158
252
86
301
163
62
246
116
15
146
132
116
126
243
92
302
89
295
280
203
27
28
169
77
170
258
131
302
1
114
222
107
101
306
120
139
138
254
73
198
103
231
58
228
292
85
232
79
233
226
54
229
45
205
283
149
264
169
14
155
60
148
283
209
83
222
89
95
92
108
249
87
225
218
54
143
162
75
279
271
178
16
107
210
281
95
213
69
176
258
84
233
98
313
180
35
26
163
19
158
294
167
162
173
63
157
16
158
160
247
68
262
169
60
253
77
288
274
142
45
231
63
214
55
240
105
249
96
262
108
4
105
287
206
84
243
121
4
144
63
252
96
304
257
119
259
143
11
208
309
99
208
219
57
243
239
49
220
35
202
210
102
254
58
204
105
212
91
99
210
81
225
225
50
228
91
206
3
306
135
253
74
277
186
12
160
294
81
216
102
229
48
219
113
294
128
238
53
69
260
203
273
86
178
304
156
22
164
211
265
166
175
305
90
187
77
290
195
96
201
295
135
249
72
244
58
162
77
169
314
138
61
63
160
48
233
91
243
91
247
78
245
121
273
70
206
87
226
118
230
108
230
79
276
106
12
205
208
111
251
159
69
220
221
50
245
56
63
142
50
242
52
210
268
185
92
191
286
193
28
195
282
143
147
17
171
257
130
41
204
313
207
70
224
96
234
105
209
221
52
244
100
111
232
45
42
139
47
227
208
73
235
67
85
176
56
168
159
22
161
211
75
234
43
45
206
102
301
99
219
111
248
123
32
193
70
159
13
44
189
282
94
103
10
160
298
117
251
120
136
188
65
151
69
67
257
105
225
98
222
86
221
105
6
148
2
99
194
189
20
203
31
207
42
208
56
145
251
105
203
259
114
225
235
45
41
14
153
7
180
26
162
68
238
85
102
220
112
217
65
153
67
209
267
212
262
210
56
242
119
222
23
118
301
283
100
110
226
79
268
90
302
205
308
161
171
46
228
77
224
47
206
271
180
297
157
146
284
107
205
92
82
167
205
53
244
62
174
262
155
163
155
13
216
103
307
144
50
144
55
40
217
48
240
110
237
146
279
79
216
16
28
139
53
242
72
234
54
56
205
7
151
10
187
264
200
259
210
215
64
265
258
106
203
300
130
237
48
212
83
211
49
238
54
193
263
165
292
283
77
82
219
109
253
251
134
117
256
133
38
33
212
45
236
92
283
96
237
60
179
87
300
117
246
111
310
97
248
105
7
152
311
109
211
148
62
171
58
209
106
252
254
101
113
256
248
57
144
265
201
268
203
103
5
111
218
212
74
208
98
228
123
28
118
4
0
133
306
203
285
95
304
14
35
130
263
113
248
121
251
84
300
134
57
245
61
223
27
117
14
114
264
208
80
70
208
304
108
243
36
129
253
122
260
205
46
186
90
94
210
80
254
121
238
90
214
113
239
119
27
208
103
86
275
201
105
252
56
60
209
81
214
101
207
78
249
83
276
121
25
262
150
66
265
190
279
100
284
196
97
200
298
161
23
241
90
220
220
88
224
117
259
188
92
198
288
137
244
242
51
209
111
128
257
159
44
42
219
40
220
41
210
40
206
268
211
96
244
112
15
15
205
95
197
276
207
59
238
113
21
120
307
134
302
136
142
260
121
109
206
39
204
103
237
109
97
239
68
215
46
235
65
259
172
288
93
81
180
8
104
255
115
271
95
299
236
53
149
261
74
238
51
56
244
83
266
179
6
138
264
207
45
215
72
240
90
228
52
50
61
242
102
103
214
109
221
228
79
245
125
288
89
278
193
208
73
179
83
91
188
74
248
246
68
236
111
211
203
97
227
39
226
105
14
109
208
61
199
102
98
237
118
121
227
95
231
243
117
220
56
150
64
175
186
68
245
119
258
174
3
146
19
109
256
120
229
63
209
69
149
65
210
83
215
36
218
60
225
51
226
42
17
154
14
240
69
192
98
250
151
58
203
98
297
159
283
190
277
79
176
5
204
266
81
171
63
261
117
22
173
57
229
69
206
80
204
9
179
269
70
170
57
215
108
110
209
95
282
119
221
95
87
219
98
302
114
214
181
85
97
192
257
63
236
61
247
59
214
96
188
70
85
100
89
216
108
244
59
174
260
67
223
57
195
86
244
121
282
190
205
88
272
182
31
151
131
303
164
167
204
46
163
227
112
268
261
86
76
234
49
53
223
121
31
184
91
105
284
97
0
1
132
44
231
126
133
42
219
32
36
20
116
237
239
144
163
258
88
106
6
14
115
218
98
212
64
74
212
106
229
233
44
124
269
68
155
127
34
173
172
82
234
115
124
24
28
124
141
305
120
2
176
81
271
68
253
116
227
76
275
87
84
88
234
78
235
122
249
154
264
146
10
128
298
137
256
125
119
23
158
293
167
292
104
94
76
211
166
24
117
254
68
170
193
97
254
172
65
257
259
107
249
64
71
226
51
206
294
93
237
46
208
33
205
104
93
293
85
247
73
276
205
90
233
47
219
117
253
106
242
109
208
36
131
255
110
229
109
127
142
312
182
196
91
235
294
106
11
240
235
109
297
209
54
216
212
216
106
221
42
164
252
61
225
69
237
86
85
173
14
119
110
210
174
80
261
161
70
83
174
177
84
208
43
136
256
105
219
108
105
213
204
297
110
220
112
7
102
255
70
223
44
178
80
223
85
