41
230
96
247
55
231
43
55
134
2
207
78
286
80
196
281
80
231
69
228
48
47
235
106
231
97
253
125
36
221
92
76
281
78
227
67
248
89
299
129
38
219
50
138
258
121
277
190
264
154
162
60
247
63
223
72
157
262
155
148
14
149
4
240
75
245
67
55
67
165
172
299
140
5
101
84
223
115
109
311
99
189
273
117
248
78
241
114
13
163
261
148
133
283
201
29
23
202
101
209
108
212
42
229
39
219
49
140
309
94
280
80
270
200
281
207
49
138
57
50
235
85
217
40
213
8
30
119
292
178
81
205
196
101
235
128
41
312
127
41
131
30
125
252
115
257
104
208
48
209
9
108
238
115
16
171
299
114
256
63
230
92
90
208
69
177
293
83
208
95
211
77
191
265
186
81
245
100
226
60
240
120
26
175
86
249
118
278
188
86
236
140
61
252
243
55
237
128
19
168
73
210
32
126
10
105
216
56
228
109
224
36
209
203
104
9
143
10
212
111
214
36
206
272
139
0
147
314
105
242
236
51
245
96
109
295
127
239
48
226
53
239
88
79
184
90
83
181
73
251
106
94
224
106
208
76
210
97
233
106
292
297
128
143
53
146
61
70
186
279
187
45
51
237
92
304
94
106
213
224
217
87
210
263
135
43
235
96
248
90
106
234
57
208
71
220
74
210
85
213
88
192
264
64
151
5
16
169
71
60
220
105
304
173
74
227
110
11
125
23
165
61
222
24
193
72
171
298
128
40
221
69
219
93
227
56
140
8
109
232
96
204
4
148
253
255
103
212
94
188
76
251
159
262
166
301
87
262
72
273
213
76
248
64
233
239
50
191
73
225
56
247
72
155
19
125
243
97
188
158
17
114
213
79
68
159
17
162
265
268
154
5
139
129
36
136
129
281
121
30
133
298
204
107
294
129
278
145
156
67
244
92
226
80
248
100
219
62
146
243
121
27
180
274
83
245
55
148
0
137
4
308
140
301
92
233
95
224
219
65
214
48
141
8
182
265
188
91
239
95
1
115
240
18
113
219
116
257
88
207
109
239
73
213
75
157
8
156
20
157
3
31
203
209
33
206
265
79
234
241
104
305
96
209
62
53
242
103
202
83
223
75
181
310
123
26
167
76
173
80
212
55
217
111
104
202
16
216
111
221
51
213
16
119
248
70
215
80
77
166
305
165
75
268
176
308
169
304
99
214
18
159
309
150
208
64
216
116
29
122
259
170
156
69
235
54
217
63
51
212
87
248
61
75
212
86
284
200
294
131
286
101
244
66
261
206
290
92
305
95
253
101
205
85
289
195
286
149
246
57
46
232
120
225
39
222
37
220
38
134
234
103
221
90
252
124
309
202
18
119
220
47
38
131
39
216
76
230
46
234
84
76
225
41
41
224
73
59
249
115
253
104
198
189
32
128
27
133
233
76
165
7
100
9
166
291
103
227
37
131
261
204
199
293
201
100
218
61
209
103
272
96
286
206
21
174
65
207
268
69
160
18
121
38
213
81
188
92
212
58
167
75
81
211
202
3
150
9
130
33
224
103
279
206
66
246
71
226
108
6
139
238
88
193
144
52
245
93
106
219
107
231
243
104
92
205
292
141
264
135
232
236
46
238
53
54
244
98
311
285
194
27
124
276
210
89
212
220
109
108
233
43
232
82
218
222
88
240
67
222
121
119
236
66
247
93
102
304
121
125
290
202
185
89
229
74
66
263
151
50
224
217
62
63
220
93
246
102
212
105
251
86
297
133
46
58
147
280
205
37
214
187
93
190
97
225
71
233
116
131
304
176
306
157
52
215
96
105
202
261
126
241
107
124
255
108
260
264
112
211
189
48
139
237
91
210
162
301
91
81
195
285
263
136
39
38
180
89
184
278
77
232
227
58
251
116
228
44
218
110
217
57
195
102
112
244
246
91
298
148
15
123
229
56
252
116
221
228
39
207
32
44
187
91
287
77
246
54
221
68
155
265
204
67
221
72
253
130
279
81
232
112
114
243
232
54
231
62
144
10
111
13
13
144
45
211
36
134
262
124
273
185
22
168
16
152
265
146
12
18
129
246
108
249
246
78
210
100
255
89
240
129
124
20
146
296
169
169
261
128
36
223
66
235
44
207
52
246
58
249
253
100
98
226
122
255
62
213
42
135
47
210
104
236
103
204
300
138
152
68
205
51
56
246
123
29
177
73
165
24
130
292
211
30
153
150
9
159
25
164
67
212
43
132
303
179
72
208
207
29
127
44
215
78
275
82
283
194
215
51
207
50
227
107
206
38
30
139
307
91
102
5
239
238
80
247
95
91
231
82
211
65
262
208
78
216
6
141
2
136
286
298
202
31
211
58
247
247
131
32
150
70
210
290
81
247
75
162
262
210
292
83
251
150
267
116
218
96
227
218
65
232
48
234
47
229
40
205
25
128
10
117
128
296
91
219
59
68
214
85
252
155
59
252
118
274
92
215
33
210
82
288
81
231
230
49
233
117
12
119
233
53
62
224
56
233
55
246
118
270
199
299
164
288
84
250
80
233
238
311
135
142
8
152
183
40
133
284
205
93
234
83
258
72
233
126
313
100
252
105
112
212
264
144
56
145
276
276
203
48
207
47
141
153
263
74
283
78
247
105
119
241
109
107
100
206
22
205
54
219
71
155
258
114
125
242
111
263
156
10
142
313
276
189
4
200
85
292
203
39
129
260
178
267
210
106
244
85
250
99
287
100
213
217
91
241
235
71
268
115
117
258
87
251
81
208
103
247
85
222
50
236
130
277
211
98
209
166
312
146
251
120
280
74
246
73
189
75
278
146
17
38
156
18
29
170
32
174
153
12
147
309
101
290
78
185
12
114
123
17
166
27
27
167
63
241
17
204
287
207
284
157
22
171
19
47
188
20
113
221
83
224
66
231
119
109
216
224
113
249
106
250
242
102
108
256
122
3
133
249
73
185
200
105
211
34
21
190
43
206
103
99
227
43
207
300
163
153
19
213
49
217
107
123
257
107
213
45
190
29
195
92
306
94
225
84
255
259
136
41
212
201
311
144
49
142
9
7
20
217
106
228
51
232
125
34
155
61
235
95
308
114
213
47
231
74
170
86
202
38
222
31
125
112
234
70
164
13
108
101
4
307
145
51
219
72
65
152
26
126
289
154
62
247
108
242
50
47
205
28
165
69
210
103
218
63
57
227
59
139
308
138
55
239
102
278
201
290
213
66
248
88
198
295
199
93
248
60
227
65
202
24
188
83
204
194
68
235
53
211
266
196
257
160
21
157
58
208
211
88
249
120
134
312
96
228
41
220
73
227
88
251
63
255
257
144
54
225
46
132
305
91
303
174
293
107
216
35
159
299
88
252
60
241
62
237
54
169
255
162
21
27
152
11
158
276
78
164
203
81
237
87
228
64
221
93
311
34
121
24
182
78
214
98
91
227
109
212
179
192
67
189
178
83
269
205
44
134
286
85
262
148
243
80
267
70
249
77
182
309
141
10
151
143
312
94
245
132
113
265
157
152
302
261
86
256
103
10
146
311
134
51
238
61
173
260
136
306
204
68
208
65
66
173
63
212
61
237
85
294
280
75
210
31
127
261
161
169
295
87
246
55
170
17
211
105
93
229
80
191
271
86
217
95
296
84
240
64
263
131
143
12
132
302
143
8
149
1
137
244
68
185
277
81
220
30
169
78
203
89
264
160
262
137
305
138
4
144
12
206
288
2
172
261
210
209
54
56
247
90
196
258
203
313
209
64
155
63
222
91
275
124
258
158
307
179
265
207
35
181
273
204
50
140
53
245
54
240
112
218
85
191
51
239
239
52
234
67
256
126
38
123
291
140
310
149
6
106
223
227
121
5
104
226
91
80
209
76
237
311
101
197
272
85
82
227
42
203
95
310
143
274
94
190
272
209
55
224
76
235
246
95
215
218
94
310
164
273
97
232
234
51
135
312
125
14
11
113
258
115
21
217
102
96
191
167
61
214
199
286
84
274
203
283
207
270
194
280
77
62
208
109
213
98
190
212
79
288
162
14
147
312
172
77
242
28
181
314
148
22
140
233
62
159
265
197
99
204
46
137
160
74
211
193
288
283
158
7
156
305
178
36
124
38
205
30
128
247
114
266
96
108
218
80
79
219
215
114
20
120
127
307
133
42
216
18
190
49
206
44
130
241
86
274
194
261
252
91
267
263
208
96
199
206
104
7
313
171
211
80
70
176
265
88
178
6
140
303
121
36
207
280
208
67
246
94
109
218
50
147
15
109
209
165
81
278
74
163
164
60
144
0
19
112
223
35
132
3
97
221
84
215
79
218
93
214
89
252
108
240
80
169
76
183
39
25
178
33
42
230
67
187
278
208
71
154
13
21
119
274
7
140
271
69
232
88
228
75
81
230
72
224
59
246
133
304
137
23
123
281
92
248
63
243
127
134
299
276
101
226
38
212
76
279
98
199
285
97
229
113
230
45
136
303
119
230
90
288
203
45
34
203
36
165
78
277
310
150
67
215
59
150
264
171
82
189
192
99
286
123
224
54
207
26
125
254
257
162
20
176
35
213
50
235
117
99
243
59
209
277
91
262
127
34
220
111
17
112
252
83
272
177
79
210
34
129
295
294
206
98
288
136
120
224
85
201
97
281
83
297
132
262
211
52
151
291
192
24
185
43
226
33
176
298
162
1
100
197
91
249
75
282
192
94
83
172
273
102
214
217
47
44
236
87
192
52
136
313
1
97
215
91
106
238
83
241
73
232
57
209
108
313
129
312
141
234
71
264
68
241
89
305
167
256
129
49
236
78
168
297
198
60
207
37
135
26
168
294
152
64
235
112
221
59
230
104
250
131
34
217
93
99
246
65
250
77
83
232
72
243
82
207
63
201
288
77
274
184
22
112
256
107
207
40
29
34
123
254
189
95
248
96
308
203
271
211
218
101
301
129
116
22
122
28
151
285
207
34
192
276
184
265
200
291
5
137
3
108
211
263
134
231
100
6
310
169
58
241
125
251
84
267
76
246
82
230
47
145
313
144
310
133
262
211
218
51
142
246
63
146
66
208
314
151
18
147
46
143
3
110
217
69
216
63
254
99
193
27
125
260
211
109
122
250
60
255
111
209
260
130
301
206
35
218
73
257
121
236
69
247
117
129
293
136
25
115
131
313
147
264
9
141
310
201
272
73
230
48
45
214
100
211
106
204
311
301
173
153
63
70
239
106
205
209
49
134
11
142
311
160
200
62
257
0
145
14
146
2
104
213
113
227
100
225
112
110
222
48
46
207
271
159
71
245
150
26
202
96
225
45
141
52
140
264
253
114
219
102
194
23
16
114
257
112
4
153
160
24
203
294
94
80
168
13
113
226
58
197
206
28
208
101
193
35
42
231
71
158
74
223
87
81
219
92
252
110
245
84
291
104
217
77
226
111
223
107
214
77
175
75
224
105
103
254
102
230
69
249
74
179
32
206
82
294
87
229
107
283
279
196
92
262
145
45
233
104
256
161
212
90
250
128
37
33
135
261
197
263
207
295
89
234
44
220
83
273
205
42
218
113
300
199
302
89
303
235
70
69
158
295
291
80
232
99
215
211
90
179
264
201
301
198
93
225
65
215
211
265
166
180
86
183
89
233
84
210
73
164
5
286
204
307
92
91
280
128
33
137
61
246
51
43
204
47
237
52
61
226
87
296
201
299
131
118
221
100
198
278
285
132
263
133
141
51
40
230
238
76
266
178
310
126
293
204
41
32
213
97
311
149
5
177
270
71
196
264
200
265
209
84
219
110
115
301
119
223
55
234
45
235
230
68
242
115
259
112
217
109
257
125
247
82
180
173
300
268
99
228
45
135
253
98
313
101
105
233
42
209
293
156
9
11
278
79
289
102
286
163
22
119
9
151
265
86
223
77
72
210
92
78
213
55
204
262
201
19
118
31
220
96
282
77
247
132
40
218
48
59
197
297
127
258
131
47
231
228
49
224
53
241
55
230
91
223
113
25
119
305
94
184
41
24
123
29
129
127
255
275
88
181
256
110
224
101
97
208
87
239
60
170
296
206
306
90
304
206
40
228
101
283
200
262
141
141
311
136
47
161
71
216
102
225
62
147
263
211
85
179
297
113
215
60
58
224
119
133
39
23
117
270
98
196
103
4
102
243
101
298
126
290
233
68
57
237
45
57
240
16
117
250
82
172
14
112
254
168
261
67
264
206
26
223
62
61
148
264
262
140
9
152
66
259
205
106
294
159
217
101
6
155
181
270
202
287
93
231
110
115
267
272
120
108
217
41
203
37
223
60
147
11
153
15
29
165
261
72
209
81
187
272
87
244
57
60
256
116
105
236
302
174
36
126
258
123
247
102
200
90
224
99
230
100
236
46
135
301
161
267
182
87
243
67
265
261
158
252
86
291
163
62
258
116
15
17
116
116
249
243
92
300
89
205
282
206
188
28
131
148
167
262
131
302
117
114
108
223
101
305
201
294
84
254
73
198
98
231
58
245
70
68
232
90
75
226
54
229
45
205
2
149
57
156
14
155
263
148
283
209
83
100
113
267
92
85
249
87
88
218
54
246
239
75
89
301
172
253
107
210
190
276
196
26
176
263
84
295
98
0
174
86
268
117
19
158
306
167
59
208
63
157
16
158
145
54
241
21
156
60
253
77
204
274
142
308
237
63
142
54
240
105
299
96
222
108
4
105
309
206
84
238
313
4
144
63
252
254
120
257
119
259
143
11
208
77
92
208
219
57
247
239
49
45
212
46
210
102
254
58
204
105
256
93
261
210
81
235
1
98
228
91
206
3
138
120
253
74
91
186
160
11
185
88
215
103
229
48
219
96
294
128
238
243
69
263
203
273
86
300
162
156
22
24
174
265
97
293
276
90
187
84
290
194
96
201
295
81
249
72
244
58
196
77
169
314
138
51
63
224
48
233
52
243
91
184
78
245
121
273
70
206
41
226
118
20
108
230
79
286
160
12
105
110
99
251
59
69
193
166
59
245
56
235
142
50
232
42
14
169
185
92
191
286
193
265
195
282
290
153
17
168
309
130
48
204
10
207
70
224
96
234
105
209
53
52
244
100
105
232
45
42
139
47
227
89
103
235
78
85
176
56
168
159
22
161
211
75
234
43
45
206
102
300
99
219
112
249
123
32
193
70
159
5
97
189
282
94
253
61
160
298
175
305
143
13
154
65
151
69
169
257
105
225
98
194
86
221
105
6
148
2
99
314
202
32
124
31
207
42
208
56
151
8
105
203
303
114
225
44
45
188
14
153
9
181
26
162
68
238
314
102
220
97
217
66
153
67
209
267
212
262
210
56
242
82
276
23
118
102
3
98
110
263
79
268
90
302
205
308
161
214
46
228
77
224
47
206
271
189
19
17
188
5
107
232
92
253
57
228
53
244
79
174
262
147
2
173
62
216
94
307
144
50
216
57
61
217
48
240
110
237
305
279
79
216
27
134
240
143
66
68
234
240
56
205
29
151
195
267
95
200
77
210
215
64
176
258
106
203
300
130
237
48
212
83
211
49
238
54
193
263
165
292
200
280
78
219
109
253
250
132
117
256
133
38
2
139
45
236
92
283
96
237
60
179
87
300
117
246
111
310
97
248
103
7
18
110
210
59
148
310
171
58
209
279
96
254
101
195
259
61
57
144
265
201
268
203
103
257
111
218
212
74
208
98
237
118
28
284
100
0
131
43
203
285
95
304
155
35
130
16
113
248
121
251
96
300
150
60
245
61
224
227
117
14
204
264
208
80
70
208
261
108
243
66
62
253
122
20
205
0
101
94
94
210
80
254
88
238
97
214
113
250
119
27
208
102
116
275
201
165
252
149
60
209
73
214
101
207
57
222
83
231
121
25
17
150
66
265
202
277
95
284
196
97
200
298
161
23
241
90
220
85
89
224
117
220
92
292
198
288
137
26
242
51
209
111
120
258
159
44
42
219
40
220
41
210
50
208
268
211
96
244
103
216
98
205
52
238
102
207
59
238
113
21
148
307
134
302
136
120
260
121
307
206
39
204
103
237
233
96
239
68
226
46
235
67
259
172
288
93
186
180
8
104
255
115
271
89
84
236
53
68
161
74
238
55
56
244
150
266
179
6
138
264
207
45
215
72
240
90
228
55
207
61
242
90
96
214
109
221
228
79
245
125
288
89
278
94
208
73
179
83
78
188
74
248
71
68
236
111
211
203
92
227
39
226
105
14
109
208
61
199
102
98
251
127
253
252
95
230
243
117
220
56
218
224
43
186
68
245
119
258
136
3
146
19
109
12
108
229
63
209
262
248
79
210
83
215
36
218
60
51
224
226
42
17
155
14
240
69
227
98
250
151
30
203
98
195
204
283
190
167
79
176
5
204
270
81
172
63
261
125
22
173
50
229
69
206
80
204
7
141
270
70
213
57
215
108
264
209
93
279
119
221
89
87
219
98
312
114
214
181
85
285
192
73
63
236
61
247
59
216
96
192
266
199
275
89
216
108
244
89
175
260
67
223
57
211
86
244
123
308
102
205
88
272
182
6
151
268
303
164
11
204
24
220
227
70
269
208
86
85
234
42
40
223
121
31
184
273
80
284
97
0
1
140
46
231
126
240
232
44
216
115
20
116
237
65
153
173
303
201
106
8
12
115
217
58
182
71
212
212
106
229
229
44
210
269
68
248
127
34
173
168
82
224
115
218
39
28
124
125
305
203
2
239
81
175
68
253
112
227
76
275
193
289
88
234
49
222
122
249
152
264
146
0
128
293
137
256
125
122
23
157
293
167
310
99
202
293
293
166
24
117
254
68
170
193
97
84
172
65
257
250
107
249
247
65
226
51
206
269
93
189
46
208
33
205
99
105
293
108
221
73
276
87
90
233
58
219
117
253
106
242
109
208
36
131
14
110
229
109
305
142
312
182
86
225
37
224
107
11
240
235
109
297
209
66
52
212
91
107
221
58
248
254
61
225
69
237
86
77
215
14
119
110
210
174
82
268
160
70
172
294
177
84
208
43
136
254
105
219
108
105
213
204
297
110
220
112
224
102
255
70
223
44
217
80
223
85
