41
230
46
226
110
16
116
12
210
90
300
101
286
199
197
281
80
238
104
228
85
78
217
106
310
97
253
148
166
263
92
232
68
78
227
67
76
169
299
129
38
138
50
142
255
72
277
120
254
154
145
60
247
63
229
67
151
10
12
148
14
149
4
8
154
145
242
55
207
197
172
299
140
5
111
99
233
115
256
261
202
268
151
285
76
69
220
114
13
163
162
289
138
124
309
205
53
55
212
111
108
212
222
48
141
46
129
123
290
94
188
18
5
200
281
207
49
138
57
236
97
85
217
61
211
152
30
119
251
82
295
205
104
234
106
226
73
235
50
40
131
30
125
106
115
257
104
208
48
218
217
108
238
312
101
289
106
114
256
63
229
92
281
206
58
184
86
293
82
95
211
60
209
265
186
81
245
250
122
110
220
120
26
191
86
224
93
262
172
77
236
235
91
241
66
53
166
73
181
162
65
214
35
126
274
91
216
56
228
44
237
55
209
215
103
257
110
298
208
47
190
71
172
31
203
290
177
5
294
108
209
51
227
96
102
232
76
239
119
226
53
239
235
80
248
150
6
184
73
251
97
114
213
110
208
76
210
93
312
203
91
295
162
164
53
245
242
52
235
67
187
187
94
303
92
304
94
218
213
94
283
87
211
286
135
43
235
96
248
244
79
241
57
208
67
220
74
264
206
42
204
83
172
70
151
160
254
169
162
60
231
105
302
173
74
244
75
247
117
116
224
66
222
96
241
19
171
74
207
40
221
69
157
71
161
66
206
273
116
232
229
100
196
208
65
233
93
225
218
107
220
119
21
163
166
8
143
262
72
273
181
76
248
71
74
239
50
211
82
210
80
219
108
215
20
123
2
141
264
155
17
116
14
164
11
159
17
24
37
213
39
18
117
23
178
270
138
306
310
92
249
107
204
304
142
129
146
9
156
67
219
117
3
95
242
57
215
46
136
257
121
27
180
188
45
236
59
238
62
55
147
314
173
212
112
223
95
190
73
272
181
311
141
8
17
8
140
4
239
95
88
239
9
18
113
268
116
101
214
20
117
239
73
213
7
157
15
156
20
125
237
307
148
15
33
206
83
73
234
108
104
305
96
209
66
53
243
56
218
117
253
92
234
310
123
26
175
78
215
80
245
55
217
94
293
202
37
216
50
219
61
165
16
119
248
70
58
225
77
166
305
236
84
253
122
303
165
254
100
203
18
159
8
207
194
80
79
174
86
179
35
206
192
69
235
54
231
284
96
224
72
248
238
75
212
105
112
128
31
144
312
97
230
66
261
208
39
182
22
111
253
101
236
83
289
195
297
128
252
254
83
232
42
225
82
222
37
206
38
43
227
59
222
83
237
138
48
233
55
153
162
22
38
131
39
216
76
224
51
234
243
76
225
41
229
224
43
59
249
82
199
282
96
190
98
304
131
17
126
293
196
285
207
69
176
294
105
227
37
131
261
90
306
99
314
100
218
61
62
219
84
197
286
206
57
220
20
155
268
69
160
18
112
211
56
194
100
213
180
75
189
173
81
211
314
3
150
47
130
39
224
108
117
229
98
250
104
9
140
309
123
289
276
125
134
52
245
248
82
219
107
213
11
152
155
148
240
129
302
132
118
236
46
217
227
53
246
248
84
285
194
282
286
123
279
200
212
106
258
269
212
97
232
82
277
189
63
240
67
224
121
254
292
127
258
93
309
184
26
125
33
179
185
89
229
74
281
83
74
223
38
217
62
227
220
93
242
102
212
62
230
86
251
133
37
2
147
61
205
54
41
200
298
203
97
225
117
254
116
124
274
98
103
219
104
206
10
105
202
104
101
241
86
296
255
108
111
223
119
131
138
3
143
244
91
196
165
301
33
42
233
84
188
46
205
3
4
204
272
81
287
85
242
108
251
116
28
43
208
101
5
99
195
274
197
99
246
85
262
204
283
297
125
134
284
80
221
228
39
207
32
153
280
91
292
121
246
54
221
68
265
160
162
67
221
72
236
130
279
81
247
98
249
69
232
54
208
62
144
250
110
96
0
144
44
209
36
134
262
139
7
114
122
112
16
157
262
146
178
264
95
248
86
254
89
78
210
261
211
89
240
20
113
252
122
296
169
309
92
212
36
223
48
204
44
207
47
236
61
249
131
250
60
226
122
139
46
204
306
134
47
210
104
248
103
205
93
255
158
68
205
80
250
114
227
226
37
177
165
24
119
18
123
30
153
162
23
202
64
212
31
176
307
132
308
202
277
183
38
35
208
97
277
78
178
261
164
75
162
28
207
50
45
236
102
206
278
200
271
174
3
146
285
294
84
247
79
185
71
79
231
65
262
208
78
166
6
141
308
89
294
126
234
137
51
58
247
109
292
200
264
70
210
5
151
247
71
212
262
110
218
112
301
174
267
150
311
96
192
52
41
232
48
234
47
223
40
33
201
29
197
283
285
97
188
153
53
218
214
99
252
56
59
252
115
214
92
215
33
173
82
179
39
225
38
49
233
56
245
105
233
233
44
223
96
211
55
246
112
221
87
299
96
80
290
204
98
233
110
254
252
107
5
311
127
40
133
305
270
93
189
92
275
72
233
48
205
100
117
106
112
212
263
66
144
145
276
92
233
96
286
80
217
79
283
76
274
69
247
104
235
87
251
90
103
236
307
95
181
314
183
40
227
103
255
103
111
215
113
10
143
279
194
289
79
212
43
44
229
39
25
165
163
291
157
72
232
77
206
99
287
79
261
186
91
246
241
71
267
115
123
258
160
167
61
208
53
240
97
222
60
239
314
104
211
207
267
158
155
146
256
148
161
74
211
83
84
89
278
146
65
67
53
215
29
165
178
4
153
12
147
7
104
252
153
289
201
276
94
191
23
124
27
49
137
146
1
204
269
209
53
157
22
171
1
261
123
306
94
273
76
238
52
231
99
115
216
24
113
249
75
231
104
240
108
256
121
259
115
249
73
90
227
215
88
193
68
151
58
196
202
31
206
306
149
69
205
27
36
125
283
132
116
123
293
107
278
276
203
272
196
68
243
92
224
84
216
59
150
263
181
3
148
63
264
150
9
154
18
125
25
218
45
226
65
153
296
160
191
95
86
181
270
207
62
164
212
76
202
38
221
24
126
112
234
67
214
47
209
288
165
166
58
51
219
220
65
150
26
126
8
150
62
247
57
247
95
215
59
245
74
261
183
264
209
63
57
227
125
139
308
136
39
223
102
278
201
32
174
66
248
88
75
198
282
91
248
60
219
59
146
264
180
274
185
194
88
300
297
99
272
164
26
122
21
183
90
277
211
88
249
120
134
312
96
228
101
220
80
227
55
244
64
255
127
128
130
33
36
207
305
91
213
300
129
314
207
61
159
299
90
252
60
198
77
237
235
82
250
162
21
24
177
305
119
233
107
216
203
51
237
87
215
74
221
118
27
122
121
24
174
78
214
218
109
212
109
11
154
57
54
217
84
297
87
190
282
196
264
89
301
151
243
85
267
70
227
76
162
309
141
10
101
94
253
72
245
130
258
63
223
113
102
200
201
292
107
255
254
133
42
229
238
83
77
249
139
2
185
175
34
190
164
79
171
298
114
236
50
241
60
75
210
31
124
260
188
279
204
58
246
64
178
165
211
105
94
229
80
65
243
114
17
13
166
71
68
159
164
302
102
222
118
302
172
63
149
1
137
250
90
295
169
81
210
30
178
83
195
179
74
181
152
137
305
138
4
144
11
203
29
120
124
256
105
216
54
56
247
90
196
260
191
21
127
34
154
269
84
199
283
124
258
138
5
175
64
63
76
230
80
204
50
140
62
245
54
236
65
218
67
175
265
82
239
70
234
52
246
126
38
230
58
140
247
90
241
98
195
264
177
84
291
81
219
100
209
76
86
276
124
280
198
85
210
97
311
211
100
314
5
307
93
190
29
168
15
191
47
235
246
95
192
270
98
234
83
248
97
224
37
132
135
312
146
169
10
110
258
115
133
287
197
257
129
239
64
66
157
41
222
63
73
274
120
22
126
279
77
91
208
109
243
100
102
240
113
288
150
14
147
64
201
77
167
28
181
59
148
55
51
244
59
151
17
109
295
156
191
46
147
157
258
121
19
191
264
208
72
66
178
36
228
43
211
30
126
306
157
266
261
108
218
211
110
219
215
114
252
151
16
217
223
52
216
42
190
49
206
44
129
124
240
87
301
119
110
256
113
113
255
84
102
308
106
7
314
203
198
82
213
96
183
88
226
91
242
130
121
36
226
95
193
90
246
117
24
166
10
144
308
142
293
165
81
278
25
162
164
60
171
159
19
112
286
83
208
3
98
221
84
90
105
218
91
214
89
300
204
277
252
63
201
274
184
186
270
202
41
227
89
187
179
208
71
154
13
240
235
127
310
140
264
157
285
88
228
75
81
230
88
212
59
220
99
1
128
242
123
249
102
9
103
115
124
288
82
220
109
215
68
257
83
80
251
58
218
39
35
123
246
120
136
43
130
293
193
287
203
195
102
203
36
165
78
186
96
193
43
225
46
142
9
181
83
219
217
99
240
112
224
54
207
38
125
124
257
162
152
158
34
213
293
104
117
249
106
244
112
219
91
261
127
27
220
111
231
116
252
87
197
207
261
210
34
129
22
219
215
98
198
185
91
225
85
201
309
200
83
259
126
277
209
40
204
88
192
24
185
43
214
33
176
83
81
231
85
98
310
183
80
282
192
285
83
229
79
87
300
97
235
44
232
62
143
48
136
313
104
224
91
307
87
244
84
241
73
232
57
209
108
107
251
83
293
199
90
263
68
218
89
214
107
12
144
51
231
46
187
264
198
266
182
37
135
260
120
301
141
64
234
60
170
59
247
115
242
82
92
217
115
99
245
65
152
9
115
221
60
230
82
207
41
33
206
161
297
147
251
111
256
70
207
100
215
18
19
241
114
111
263
137
47
41
206
43
209
111
110
107
10
16
122
28
208
30
207
34
185
276
184
263
200
98
286
137
3
106
211
111
238
1
95
309
143
254
59
241
89
252
140
51
141
246
82
230
47
41
187
90
285
201
263
134
150
53
220
47
144
260
92
208
68
172
20
145
0
99
285
109
217
69
216
63
254
99
2
238
125
260
211
59
251
250
63
227
39
134
118
276
188
20
22
204
292
130
297
234
69
223
120
129
262
170
18
128
128
313
148
314
145
141
310
204
162
73
230
48
211
210
65
211
105
246
94
301
135
241
63
58
239
106
205
203
40
123
11
142
311
143
13
2
153
69
208
262
130
256
104
213
113
253
100
225
220
118
270
76
226
61
253
159
71
237
124
26
202
45
207
58
141
49
140
6
116
114
229
117
103
5
15
114
257
112
250
153
19
122
132
38
211
80
174
140
52
232
74
163
154
246
149
16
113
233
103
231
71
271
74
258
249
70
219
94
248
63
260
199
291
104
217
77
213
58
223
94
214
77
175
70
88
223
103
294
131
230
69
249
74
182
32
206
82
174
87
229
125
115
22
190
201
262
145
134
232
59
256
85
212
90
225
101
2
312
135
261
159
211
92
306
97
234
42
220
83
273
205
102
218
113
265
200
184
89
304
201
17
156
267
307
254
97
213
48
237
303
90
96
301
201
305
306
107
225
75
268
211
265
177
77
245
93
89
248
79
210
73
164
48
189
204
25
29
121
294
128
33
213
56
246
51
135
45
47
237
63
68
226
42
231
238
308
129
117
223
100
198
93
231
132
263
133
290
270
83
280
75
76
267
99
310
142
41
203
66
61
213
106
293
211
265
80
169
71
232
79
207
263
188
88
250
117
236
239
122
223
55
234
45
160
165
73
278
88
296
109
225
59
257
125
244
82
291
128
300
303
116
228
45
211
10
142
313
101
115
226
47
66
259
107
107
224
103
95
187
278
282
122
22
119
124
114
265
86
170
83
72
210
92
76
214
44
133
262
202
19
118
31
220
81
282
77
247
132
40
224
48
143
12
146
211
262
125
110
221
39
49
222
53
142
55
220
91
252
301
133
299
199
94
228
79
291
122
227
117
302
305
93
212
277
91
110
224
101
271
287
210
269
207
300
201
206
101
257
109
208
270
206
45
203
2
148
310
201
3
136
284
162
71
238
66
74
225
81
263
211
85
203
258
113
107
222
58
180
311
133
39
135
303
202
98
196
103
4
102
301
130
312
126
243
233
68
61
237
45
57
240
246
59
250
145
64
248
112
242
68
154
67
264
206
26
151
62
61
198
161
262
140
302
289
135
46
238
106
14
36
217
101
6
155
302
304
145
264
112
253
104
11
10
203
98
218
217
44
203
37
223
59
166
265
153
13
205
289
82
72
209
88
73
223
87
178
71
60
256
116
105
9
313
147
261
126
258
289
199
102
98
225
224
99
230
100
297
0
139
301
289
85
181
87
213
199
265
174
261
252
86
301
163
62
246
73
227
109
261
300
135
253
96
302
89
277
75
70
208
28
169
77
170
258
131
43
230
114
246
107
204
107
206
23
125
254
73
216
109
231
58
174
292
85
252
101
99
226
54
229
45
132
2
149
264
169
14
155
60
148
283
209
77
263
135
251
121
108
249
87
81
243
52
143
162
20
166
271
143
310
107
210
76
199
271
69
245
71
226
233
45
50
212
274
191
217
20
201
294
197
105
210
84
72
194
205
28
177
68
262
169
60
253
77
208
66
142
45
221
61
214
55
240
56
249
96
262
127
4
105
288
206
103
218
96
202
13
108
247
96
304
26
119
259
143
11
3
99
232
230
42
213
102
239
49
213
15
147
207
102
254
166
204
105
212
91
99
219
58
66
225
65
228
42
196
269
306
143
274
192
94
186
12
160
294
292
216
102
229
48
219
113
257
128
238
87
192
263
203
273
86
278
304
156
22
134
253
171
83
189
184
92
187
77
165
259
167
170
259
117
220
72
244
250
74
167
169
314
103
212
63
217
86
213
64
243
91
243
78
245
111
15
202
102
87
226
118
20
108
230
79
286
106
12
128
293
111
255
87
261
62
221
50
245
231
63
225
50
242
97
209
15
185
92
195
286
193
100
202
282
18
147
17
171
257
130
41
204
308
207
24
184
95
234
85
226
43
57
244
100
109
232
45
42
139
47
52
208
73
261
67
85
176
170
297
159
22
161
211
75
213
26
204
101
195
294
85
219
111
248
123
32
193
27
28
124
34
204
282
94
196
22
160
298
93
251
120
300
103
254
151
61
67
223
105
312
98
209
86
221
105
6
148
265
258
257
120
20
157
65
207
42
208
56
145
15
105
203
259
120
225
227
45
162
63
155
7
179
26
162
51
238
5
102
220
112
217
104
198
73
209
267
203
262
176
309
146
164
22
23
118
301
283
100
234
236
79
276
90
302
94
208
294
203
46
228
77
224
47
206
307
121
241
54
230
71
80
206
210
82
297
143
53
244
67
184
265
159
67
155
13
8
103
101
193
33
209
13
111
217
48
240
143
307
133
249
79
216
40
228
224
53
213
40
205
45
213
9
7
151
10
13
15
6
106
109
215
64
154
5
266
203
300
130
231
46
212
83
221
100
238
54
193
26
165
292
97
208
82
214
113
14
153
134
300
303
132
49
51
212
45
144
302
98
110
240
60
179
87
250
94
246
111
113
244
242
105
7
140
124
109
211
47
140
1
187
209
106
252
254
112
21
116
248
57
144
265
201
103
256
103
10
111
260
175
74
208
98
228
123
28
118
277
74
159
309
203
285
134
3
121
128
259
263
84
235
85
251
105
247
55
243
245
61
223
53
207
14
163
261
261
151
312
204
6
108
4
36
129
280
122
260
205
267
179
90
94
210
211
86
206
271
90
176
65
239
52
45
208
102
86
298
201
105
225
56
62
209
81
214
71
278
78
249
83
75
226
109
7
150
66
265
190
31
207
284
196
183
89
298
161
75
156
71
227
220
88
102
246
54
239
92
198
288
154
244
54
66
210
293
198
69
260
131
42
219
40
220
41
210
32
130
295
127
122
238
112
15
167
303
93
197
266
207
59
229
116
23
148
298
134
302
101
247
114
99
301
206
39
204
67
237
109
96
236
51
237
46
235
118
259
196
288
79
184
180
8
104
255
115
271
140
303
236
53
216
210
74
165
147
56
244
83
86
236
6
138
44
208
58
215
89
273
90
228
52
50
137
2
102
101
214
110
221
225
116
245
125
252
61
66
153
259
73
225
221
108
264
138
58
246
56
209
111
96
308
97
227
64
222
105
290
109
208
49
232
50
144
237
113
269
269
115
231
119
117
220
36
154
264
175
306
103
209
110
314
201
10
146
19
109
12
120
229
37
209
69
159
72
208
173
262
210
72
60
207
51
226
38
17
154
208
275
190
192
98
250
123
284
203
103
297
171
27
38
213
79
282
271
116
27
169
171
71
261
158
10
152
57
229
69
206
302
204
9
179
270
70
170
57
222
108
2
209
95
208
80
267
277
87
219
96
232
114
214
40
206
297
133
257
74
246
61
247
60
214
96
188
70
268
275
86
216
108
244
93
108
233
51
223
57
56
207
107
101
254
80
216
88
272
79
266
151
58
241
107
227
46
197
100
99
191
206
97
279
76
264
136
53
139
121
31
170
311
135
282
97
0
146
132
41
32
126
131
49
204
32
36
126
116
237
88
265
163
264
292
106
211
24
115
218
42
212
267
264
205
106
229
233
106
209
261
68
248
127
34
173
186
43
234
43
124
286
4
0
137
305
157
295
176
81
271
95
253
90
236
76
180
73
274
88
234
78
235
122
244
92
267
152
15
127
298
137
256
125
122
23
158
293
167
292
289
94
297
211
34
24
128
254
68
174
313
97
280
193
86
192
257
107
228
61
71
246
51
206
294
96
237
59
208
33
205
99
100
216
85
221
73
276
205
90
229
49
240
117
255
106
236
139
8
36
131
285
110
229
109
127
142
312
210
217
50
235
94
211
280
273
213
109
255
133
54
212
32
216
106
221
42
127
243
115
240
69
237
86
85
215
14
119
110
210
170
80
177
64
169
83
174
154
63
208
303
136
4
116
219
108
241
12
204
297
90
220
89
226
63
245
70
236
66
268
80
223
85
