41
230
34
206
110
244
138
13
214
209
99
101
286
199
196
281
80
287
125
259
261
78
217
106
231
97
281
123
19
221
92
232
281
78
227
67
152
169
25
129
38
230
50
142
258
203
277
120
254
253
60
60
247
63
231
64
151
262
124
148
2
149
140
267
154
245
242
55
67
165
8
108
140
5
115
230
226
115
256
204
99
268
144
242
248
129
241
150
13
163
147
309
133
124
309
205
53
192
214
111
108
212
139
48
141
304
35
123
290
94
227
80
158
200
281
207
49
138
57
236
235
85
183
213
23
161
30
119
251
82
295
205
104
101
106
226
73
161
52
227
131
30
125
303
115
257
104
134
48
228
217
108
238
120
101
226
109
114
256
63
230
92
309
145
298
216
86
293
85
95
211
60
209
265
186
81
258
150
251
59
240
120
26
191
86
224
93
262
172
77
236
235
91
241
23
50
135
26
181
168
65
177
35
126
274
285
216
56
141
63
239
55
209
1
103
257
110
271
212
47
135
293
118
22
203
0
177
5
5
108
209
51
192
96
102
232
76
239
48
131
53
239
235
80
83
206
6
162
73
251
251
114
224
110
208
76
210
87
271
83
259
286
162
156
146
146
242
66
189
33
187
201
306
104
92
251
94
305
213
94
283
87
211
24
135
43
235
96
248
247
79
241
19
208
67
62
74
264
206
42
204
196
163
70
151
160
161
169
159
62
220
105
302
173
74
244
65
239
125
283
224
112
222
96
193
255
171
298
196
40
221
69
197
270
159
66
216
273
116
232
96
100
4
208
65
248
93
99
218
104
286
171
21
15
166
61
143
62
72
273
181
76
248
71
74
239
50
194
296
210
56
219
20
156
38
123
136
152
264
158
250
115
3
217
68
160
17
156
28
213
39
18
117
23
178
244
121
306
298
302
133
140
133
284
294
129
275
152
156
67
219
117
287
95
242
57
11
166
146
34
121
27
180
188
45
49
55
142
141
1
147
308
110
93
112
247
95
190
73
278
181
43
141
257
117
265
140
4
282
95
299
235
116
271
293
219
116
101
312
99
117
239
73
213
7
157
245
156
20
157
39
43
154
15
33
206
73
62
234
95
104
217
299
209
207
104
243
112
218
113
223
92
287
310
123
26
167
76
173
80
245
55
217
101
104
202
31
216
111
210
26
165
232
119
248
70
215
80
77
166
305
236
75
253
131
255
137
255
99
203
18
159
8
207
177
80
297
175
262
122
36
206
78
69
235
54
204
39
187
226
87
248
238
75
212
105
112
214
294
127
309
101
244
66
261
209
7
208
228
111
253
101
205
83
289
195
259
112
246
57
83
232
119
225
39
222
37
206
45
43
234
59
250
90
302
138
43
195
18
153
162
22
38
131
39
216
76
230
51
234
243
76
225
41
229
190
43
186
249
82
275
282
96
190
32
117
131
300
126
27
165
285
207
69
54
206
92
233
37
131
261
90
294
293
201
100
218
61
209
103
84
197
260
206
33
220
20
190
262
69
160
18
112
99
213
220
100
1
180
75
167
170
79
211
314
3
150
37
130
33
224
108
292
2
98
246
104
294
107
309
126
253
263
125
23
52
245
246
82
219
105
213
289
304
310
148
240
85
302
132
118
236
46
238
227
53
246
248
84
285
194
27
281
123
279
89
212
106
203
296
250
86
232
82
71
222
100
221
67
224
121
43
131
127
258
93
226
18
14
125
254
194
185
89
229
73
281
150
151
170
55
217
62
63
220
93
291
102
212
62
260
86
251
133
28
123
147
61
147
37
41
200
93
203
97
225
117
256
116
113
304
98
286
73
50
214
10
105
202
292
126
298
107
121
255
108
305
223
119
313
138
3
127
257
91
217
165
301
307
100
195
198
233
46
46
9
9
204
200
81
287
293
213
102
251
116
28
208
208
101
5
202
195
274
198
99
246
85
298
17
9
297
135
131
264
95
225
228
39
207
17
15
187
91
290
168
74
54
221
68
265
156
178
29
221
72
236
309
261
81
247
98
278
118
19
54
220
62
144
241
110
96
0
144
20
211
33
134
262
139
273
185
22
207
16
170
48
146
12
227
98
248
108
254
62
78
210
42
77
89
240
113
241
234
122
296
169
285
295
212
36
223
71
204
44
207
52
236
58
249
131
250
60
231
122
255
60
204
306
135
47
210
104
248
103
204
93
255
158
68
205
308
100
114
227
29
37
177
165
24
130
292
123
30
153
150
28
202
126
126
31
160
165
297
308
187
191
183
38
35
217
194
277
78
159
261
200
194
36
128
207
50
219
222
102
206
36
200
271
6
3
107
259
71
80
247
79
91
231
79
231
65
262
208
78
241
6
144
275
89
294
298
132
247
188
58
247
152
34
32
174
80
220
12
122
247
71
201
262
112
218
83
101
91
267
150
288
96
201
223
65
232
48
234
47
223
198
28
19
33
131
269
270
212
188
56
53
42
214
85
252
58
59
252
115
110
92
215
33
197
82
288
290
225
43
165
257
117
286
127
233
52
44
223
41
211
55
246
246
186
84
299
265
77
277
292
80
233
110
254
252
112
8
311
127
40
133
258
270
93
181
92
275
72
233
48
313
100
111
251
112
212
264
144
15
145
0
92
311
96
207
271
276
287
159
76
283
255
247
104
235
87
107
239
103
103
314
205
181
191
66
155
227
103
115
244
111
215
47
12
143
279
194
189
79
212
51
129
229
39
25
25
151
267
210
72
180
85
206
77
287
79
199
186
91
246
241
71
268
250
123
258
160
170
32
148
53
242
97
222
60
236
97
104
211
207
52
159
42
145
41
43
157
74
273
82
189
75
278
146
266
67
48
129
29
170
178
297
153
12
18
213
104
252
78
185
201
13
177
191
23
115
27
48
137
146
1
204
279
209
13
28
22
171
182
21
123
122
283
286
76
241
52
231
99
105
216
24
113
249
75
250
242
240
108
256
122
259
143
249
243
90
272
105
3
26
68
190
58
49
193
99
197
43
136
30
165
211
25
134
0
293
253
123
114
107
88
186
203
272
68
163
310
92
296
84
255
2
147
3
210
3
148
148
49
142
9
122
18
125
106
218
71
226
177
83
296
196
191
95
268
181
189
47
62
198
212
76
202
38
208
18
126
112
234
70
264
11
108
242
142
166
58
51
42
220
65
150
26
126
8
154
62
247
108
138
2
215
76
160
162
259
182
34
218
63
57
227
59
139
308
138
41
223
102
278
170
32
174
87
248
88
189
188
282
93
248
60
219
59
146
16
9
182
197
194
44
213
214
99
190
164
269
160
21
183
90
208
211
88
249
127
124
312
96
259
101
220
73
162
299
243
63
255
127
145
54
33
45
132
281
91
213
282
129
107
8
133
159
299
88
252
135
233
62
72
165
81
250
162
21
24
177
28
119
233
78
216
203
303
237
87
215
74
229
118
27
1
121
24
201
78
214
270
109
232
109
11
154
236
52
217
84
297
87
205
49
135
264
85
301
151
243
85
267
70
172
76
164
249
141
160
257
130
253
109
245
130
258
63
173
218
102
237
88
292
103
255
102
133
42
52
238
83
77
249
139
306
204
41
34
190
271
79
271
271
174
236
85
241
236
46
210
31
127
260
188
38
204
69
246
78
51
211
293
105
94
229
80
69
243
114
217
95
180
262
183
64
164
302
102
122
111
302
172
58
148
1
99
249
90
179
190
81
218
30
178
83
194
161
264
182
171
207
305
138
4
135
266
173
163
31
145
252
105
84
63
56
247
90
196
89
191
89
185
34
154
63
68
199
252
124
258
118
307
211
64
207
76
272
266
204
50
163
62
245
76
250
65
218
46
154
265
82
239
239
59
258
256
126
38
155
58
140
310
90
216
96
178
33
294
84
291
284
230
107
209
76
174
311
124
280
284
85
253
227
81
211
312
2
150
307
94
190
29
29
180
191
76
235
246
95
254
264
98
234
83
268
157
224
37
51
135
312
18
169
10
110
258
115
133
287
197
257
191
152
61
214
199
286
222
65
188
283
120
22
126
279
77
91
208
109
243
98
113
212
113
288
162
14
147
164
178
77
167
28
181
37
148
55
51
244
59
164
17
285
295
204
212
46
147
60
258
257
255
146
264
262
156
37
178
36
218
35
205
30
31
18
114
266
264
108
218
80
110
219
16
114
255
151
16
172
223
74
216
13
190
49
206
45
130
142
241
87
301
6
137
254
113
258
101
106
92
308
104
7
314
203
68
82
213
69
70
88
218
92
266
303
121
36
42
181
231
90
246
117
24
166
32
112
15
125
257
165
188
278
72
162
164
60
208
159
19
112
97
83
208
259
211
221
84
198
79
218
91
214
89
206
108
238
252
63
76
274
193
259
177
202
42
230
200
257
254
206
71
154
12
240
119
127
143
140
2
138
232
88
228
88
81
230
88
212
59
235
133
1
128
256
123
249
113
273
281
115
124
288
152
20
109
215
38
197
229
80
216
189
51
39
127
113
246
120
136
233
130
280
101
287
203
67
102
203
36
165
161
268
96
185
25
225
46
217
9
181
83
180
217
99
233
124
224
54
207
38
125
126
255
261
148
159
34
213
196
235
117
141
105
244
188
277
91
261
174
27
220
111
301
116
252
87
100
207
79
210
298
129
106
219
215
98
213
75
91
224
31
201
309
200
83
259
126
286
211
73
204
18
192
24
185
17
204
33
221
88
225
231
85
98
310
91
292
282
192
223
70
237
79
87
214
212
39
44
232
6
206
48
136
301
251
97
215
91
88
244
53
241
73
232
57
209
108
299
129
135
293
121
35
213
68
218
89
97
81
209
144
51
236
78
168
264
198
266
182
37
135
117
120
301
141
67
225
60
218
59
247
115
242
184
76
217
115
99
245
65
143
247
83
52
235
53
82
207
185
21
206
92
255
147
22
127
241
70
207
88
215
18
123
261
105
95
280
137
45
281
191
37
209
100
310
131
284
162
122
28
201
30
207
34
192
276
184
263
200
98
286
137
3
108
211
111
133
303
95
309
25
213
59
241
81
252
98
232
66
246
93
230
47
145
187
90
310
133
38
200
72
53
49
47
144
33
193
208
68
172
298
272
205
99
285
109
217
69
216
171
228
99
12
160
125
44
173
158
59
259
63
227
39
134
134
258
188
206
22
204
200
257
121
236
69
223
120
129
262
170
18
128
32
313
148
314
234
141
310
290
80
239
230
48
211
266
100
211
106
246
123
301
135
153
63
247
239
106
205
216
40
138
11
142
310
197
200
2
153
164
145
65
175
256
104
213
113
253
55
225
39
118
242
235
54
61
260
159
71
232
124
26
201
36
159
58
145
52
140
58
253
114
260
117
103
242
263
132
257
112
266
153
159
22
25
38
211
80
279
140
52
226
74
61
206
278
118
16
171
267
103
231
71
157
74
257
249
70
219
94
248
305
302
206
291
104
87
77
242
59
223
94
214
77
175
59
231
223
103
254
127
159
69
249
74
179
32
206
65
82
87
229
125
115
22
196
81
262
145
134
233
112
277
85
212
93
225
176
272
304
135
253
263
211
92
307
87
234
108
220
83
85
236
29
218
113
296
199
184
89
246
201
11
156
146
256
64
80
188
99
237
302
90
252
301
201
312
306
95
225
51
204
94
265
177
74
285
93
89
249
79
210
70
164
12
26
204
24
258
122
225
128
33
213
61
246
51
200
45
58
237
52
68
226
278
191
93
302
177
177
223
100
198
93
284
132
263
131
277
209
40
182
75
76
267
178
310
8
12
203
41
161
213
106
274
211
30
175
169
30
196
198
199
263
188
88
250
133
115
239
122
273
70
234
45
170
165
73
236
88
296
109
225
59
248
125
244
82
291
128
300
115
116
228
45
135
310
142
313
101
282
226
47
141
258
107
9
201
277
79
187
278
261
122
22
119
9
151
249
86
223
159
72
210
92
76
214
57
133
262
109
19
118
31
220
81
282
77
247
132
40
224
48
196
197
289
211
262
128
27
221
39
201
222
53
165
55
204
64
252
94
128
40
306
94
228
79
291
122
21
129
143
308
93
309
181
18
110
224
101
97
287
87
239
149
300
296
206
306
130
304
206
30
43
45
203
307
148
132
112
3
136
253
161
71
238
66
225
225
81
263
211
85
179
26
113
20
222
58
39
124
42
39
135
117
282
98
196
103
4
102
256
130
312
126
243
233
68
61
223
211
57
240
62
257
250
111
240
248
112
242
68
148
67
264
206
26
151
53
61
198
202
295
140
294
152
135
39
206
106
314
90
217
101
6
155
80
270
202
282
112
231
104
115
10
203
3
108
217
41
171
81
209
295
166
16
153
13
205
289
153
71
209
78
90
223
87
212
155
151
256
116
146
9
22
174
33
126
258
151
247
102
113
225
224
99
230
100
236
147
135
301
258
85
181
87
216
67
265
10
158
252
86
226
163
62
241
116
16
143
261
300
142
253
96
83
89
295
170
203
27
28
193
77
170
258
132
48
1
114
246
107
101
306
311
122
138
254
73
216
109
231
58
221
292
85
276
248
75
226
61
229
45
174
152
141
266
215
14
155
60
148
283
209
83
263
136
251
129
108
249
244
69
218
52
149
161
20
166
271
143
276
107
210
49
211
88
69
245
146
62
233
98
194
189
191
191
163
19
201
308
202
32
210
217
147
16
3
187
177
68
262
169
60
253
77
266
122
142
46
221
212
214
53
240
105
249
96
262
108
4
105
288
206
84
277
96
202
0
150
252
96
304
257
119
259
143
11
208
99
301
208
40
213
151
239
49
220
15
9
210
284
254
166
204
105
212
91
99
8
24
63
225
65
228
42
206
3
162
164
256
74
191
186
12
130
294
306
216
102
216
48
219
113
112
311
238
87
69
260
203
273
86
271
168
156
22
134
307
17
24
175
82
92
187
77
158
10
313
99
259
117
249
72
244
58
307
174
172
314
307
212
63
242
86
213
64
243
91
243
78
261
121
15
237
206
87
226
118
230
108
230
79
94
106
12
205
10
111
255
87
264
62
230
50
245
56
58
225
50
242
52
208
188
272
92
191
286
193
24
195
283
143
147
17
171
257
130
41
166
302
207
24
184
95
234
85
167
252
73
244
100
111
232
45
215
29
47
235
208
73
261
85
85
176
56
154
159
22
161
199
75
213
56
204
206
273
76
93
219
111
248
123
43
193
27
28
124
3
189
282
94
103
10
160
298
117
251
120
7
148
254
151
61
67
257
140
312
98
209
86
221
105
6
148
285
258
137
120
242
157
34
207
42
227
56
179
15
105
203
16
114
258
235
45
41
14
155
7
180
26
162
68
238
104
102
220
112
229
231
187
66
209
267
191
262
174
56
146
164
22
23
118
301
299
100
110
236
79
268
203
302
94
308
184
12
43
228
59
224
47
206
270
121
241
73
31
284
80
93
193
212
297
198
53
244
62
174
38
159
14
155
1
216
103
234
251
68
144
19
111
217
48
240
143
307
133
279
79
216
22
311
139
53
213
72
205
45
126
232
7
151
10
187
14
6
100
291
215
64
154
258
106
203
300
118
237
130
230
83
192
56
238
54
72
182
165
292
283
77
82
243
113
253
107
134
300
304
133
233
51
212
45
144
249
98
96
240
60
169
311
250
94
246
111
109
244
248
105
7
152
129
109
211
47
140
171
58
209
106
252
254
101
118
256
248
57
179
67
158
196
256
103
10
111
260
175
74
208
67
228
123
28
118
273
74
159
265
203
285
203
3
148
35
264
263
113
124
121
251
84
247
107
129
245
61
223
27
207
14
114
264
172
66
15
204
265
108
301
36
129
17
194
260
205
88
186
94
94
229
177
19
129
238
90
211
65
239
185
45
208
103
93
298
201
105
213
56
60
209
81
279
101
89
78
249
83
276
121
109
131
150
66
265
190
50
207
199
196
97
289
298
161
50
187
87
220
220
88
102
246
54
185
92
198
288
130
309
242
51
22
111
128
257
159
306
42
219
40
220
41
122
32
206
295
127
103
244
112
15
211
79
93
197
265
207
210
22
113
21
120
41
134
302
101
247
251
310
301
206
39
204
103
237
109
97
239
51
221
46
235
118
244
196
265
79
184
180
312
104
309
115
271
114
240
236
53
179
261
74
219
236
56
244
83
266
125
6
138
300
208
41
215
89
273
90
228
52
50
137
242
98
101
214
110
222
99
116
245
125
252
61
66
153
264
73
179
214
109
264
138
248
246
68
236
111
127
308
97
227
39
224
105
290
109
208
54
232
168
29
237
113
121
269
116
231
243
117
220
299
150
264
175
220
103
209
102
9
148
10
146
19
109
256
120
229
195
209
69
72
64
218
208
13
164
167
60
158
157
226
42
17
154
140
57
226
192
98
250
256
277
203
29
8
171
27
139
213
79
176
271
204
19
169
171
185
261
176
170
152
57
229
69
206
302
204
9
179
269
70
166
57
222
108
93
209
87
201
80
267
277
87
219
97
232
114
214
40
301
97
192
257
63
236
61
247
59
214
99
211
70
284
100
205
216
108
244
241
192
233
51
223
57
195
86
229
121
282
80
216
88
272
182
31
151
58
241
1
122
31
46
216
227
112
268
261
252
76
185
74
53
237
310
306
170
311
303
284
97
0
1
132
44
32
126
41
49
204
32
36
124
116
110
239
136
307
264
259
106
6
14
115
218
98
212
50
181
212
106
229
233
106
124
269
68
155
127
34
173
179
82
234
292
124
286
28
124
141
292
157
36
176
81
204
291
253
116
236
76
156
73
84
245
234
78
235
122
249
178
264
152
15
128
302
137
256
125
119
23
158
293
167
292
288
94
76
211
34
24
191
254
68
265
309
97
295
172
86
256
257
107
250
64
71
246
51
206
242
114
237
59
208
33
205
212
100
255
90
247
73
276
174
174
233
49
226
117
253
106
236
109
120
36
204
285
110
229
109
127
142
312
182
196
87
235
94
106
11
101
235
109
255
133
54
216
32
216
106
221
42
127
234
61
255
69
237
86
173
173
14
119
110
210
170
80
172
161
70
83
174
177
260
208
43
136
256
60
221
108
10
100
204
297
110
219
219
226
63
255
70
211
66
167
80
223
85
