41
230
96
231
110
244
138
12
214
90
209
101
286
199
196
281
80
287
125
228
85
78
217
106
231
97
253
123
27
221
92
232
281
78
227
67
152
169
299
129
38
138
50
142
258
72
277
120
254
154
145
60
247
63
229
64
151
262
12
148
14
149
4
142
154
14
242
55
67
165
172
299
140
5
113
228
233
115
256
301
202
268
151
242
248
69
241
114
13
163
256
309
133
124
309
205
53
192
212
111
108
212
61
48
141
46
35
123
290
94
227
80
255
200
281
207
49
138
57
236
235
85
217
213
49
161
30
119
251
82
295
205
104
210
106
226
73
161
50
244
131
30
125
303
115
257
104
223
48
228
217
108
238
120
101
226
109
114
256
63
230
92
309
145
58
216
86
293
85
95
211
60
209
265
72
81
245
150
251
59
220
120
26
191
86
224
93
262
172
77
236
235
91
241
133
50
166
26
181
172
65
214
35
126
274
104
216
56
228
63
239
55
209
1
103
257
110
212
188
47
214
173
172
22
203
290
177
5
5
108
209
51
220
96
102
232
76
239
48
132
53
239
235
80
184
150
6
162
73
251
251
114
224
110
208
76
210
87
271
83
91
286
162
156
53
146
242
66
235
71
187
201
104
277
92
251
94
106
213
94
283
87
211
24
135
43
235
96
248
90
79
241
57
208
67
220
74
264
206
42
204
83
88
70
151
160
254
169
159
60
220
105
302
173
74
244
75
269
125
116
224
66
222
96
193
255
171
298
196
40
221
69
197
71
230
66
206
273
116
232
229
100
4
208
65
233
93
225
218
104
220
42
21
15
166
61
143
262
72
273
181
76
248
71
74
239
50
211
82
210
56
219
108
215
38
123
243
152
264
158
250
115
14
164
68
214
17
27
37
213
39
18
117
23
178
270
137
306
298
302
133
298
133
284
294
129
146
152
156
67
219
117
111
95
242
57
215
46
159
263
121
27
180
188
45
140
55
142
141
1
147
0
173
25
112
247
95
190
73
272
181
43
141
8
182
265
140
4
239
95
88
235
116
18
113
268
116
101
312
99
117
239
73
213
7
157
164
156
20
157
39
43
148
15
33
206
218
62
234
102
104
248
96
209
66
53
243
56
218
113
223
92
234
310
123
26
167
76
173
80
245
55
217
94
104
202
17
216
111
219
61
165
16
119
248
70
215
80
77
166
305
236
84
253
131
255
137
255
100
203
18
159
8
207
177
80
79
175
86
190
35
206
154
69
235
54
204
95
96
226
87
248
238
75
212
105
112
128
294
127
106
101
244
66
261
209
70
182
243
111
253
101
205
83
289
195
297
112
246
57
83
232
120
225
82
222
37
206
45
43
234
59
221
90
237
138
48
233
55
153
162
22
38
131
39
216
76
230
51
234
243
76
225
41
229
190
43
186
249
82
275
282
96
190
32
50
131
300
126
27
165
285
207
69
54
206
92
291
37
131
261
90
207
48
201
100
218
61
209
64
84
197
286
206
33
220
20
190
277
69
160
18
112
211
213
220
100
1
180
75
179
173
79
211
314
3
150
37
130
33
224
108
292
2
98
250
104
9
107
309
126
289
291
125
23
52
245
246
82
219
107
213
11
104
310
148
240
85
302
132
118
236
46
238
227
53
246
248
84
285
194
27
281
123
279
89
212
106
203
296
212
86
232
82
215
189
100
240
67
224
121
4
131
127
258
93
309
184
14
125
33
158
185
89
229
73
281
158
151
165
38
217
62
63
220
93
291
102
212
62
260
86
251
133
37
2
147
61
205
37
41
200
302
203
97
225
117
254
116
113
304
98
306
219
104
206
10
105
202
292
101
241
86
254
255
108
111
223
119
296
138
3
143
257
91
217
165
301
96
100
195
198
188
46
205
3
4
204
200
81
287
85
91
102
251
116
28
37
208
101
5
99
195
274
197
99
246
85
270
211
9
297
135
131
284
80
221
228
39
207
17
15
187
91
290
142
246
54
221
68
265
162
162
67
221
72
236
130
261
81
247
98
257
118
232
54
220
62
144
239
110
96
0
144
35
211
33
134
262
139
7
185
22
112
16
152
313
146
12
251
98
248
108
254
62
78
210
261
197
89
240
20
113
234
122
296
169
309
92
212
36
223
71
204
44
207
52
236
58
249
131
250
60
226
122
255
60
204
306
132
47
210
104
248
103
204
93
255
158
68
205
308
100
114
227
226
37
177
165
24
119
292
123
30
153
150
28
202
47
212
31
176
307
304
308
202
191
183
38
35
208
194
277
78
159
261
210
194
36
28
207
50
237
236
102
206
36
200
271
6
3
146
239
71
80
247
79
91
231
79
231
65
262
208
78
246
6
141
275
89
294
298
132
31
43
58
247
124
34
160
264
80
210
5
151
247
71
201
262
110
218
83
301
98
267
150
253
96
192
52
41
232
48
234
47
223
209
28
36
33
124
269
285
97
188
56
53
42
214
85
252
58
59
252
115
267
92
215
33
187
82
288
43
225
43
49
233
117
245
105
233
52
44
223
41
211
55
246
89
221
84
299
195
90
277
292
80
233
110
254
252
112
301
311
127
40
133
305
270
93
189
92
275
72
233
48
313
100
111
251
112
212
264
157
15
145
276
92
311
96
286
80
276
79
197
76
283
255
247
104
235
87
251
239
103
103
314
95
181
269
66
155
227
103
6
129
111
215
113
10
143
279
194
289
79
212
216
44
229
39
25
25
151
267
210
72
180
7
206
99
287
79
72
186
91
246
241
71
267
115
123
258
160
170
265
208
53
190
97
222
60
236
97
104
211
207
41
159
312
145
41
43
157
74
253
82
189
75
278
146
242
67
48
129
29
170
178
297
153
12
147
213
104
252
78
185
201
276
73
191
23
124
27
48
137
146
1
204
279
209
13
157
22
171
182
21
123
122
283
286
76
238
52
231
99
105
216
24
113
249
75
250
242
240
108
256
122
259
251
249
73
90
227
215
88
193
68
151
58
196
193
99
206
60
198
30
165
153
36
134
283
273
225
123
293
107
278
186
203
272
196
169
259
92
296
84
255
59
150
263
210
3
148
63
49
142
9
154
18
125
106
218
71
226
235
83
296
196
191
95
86
181
189
47
62
172
212
76
202
38
221
24
126
112
234
70
239
11
108
288
84
166
58
51
219
220
65
150
26
126
8
150
62
247
57
242
54
215
76
160
162
261
183
34
218
63
57
227
59
139
308
136
41
223
102
278
201
32
174
66
248
88
189
198
282
133
248
60
219
59
146
264
165
274
96
194
44
213
214
99
305
164
26
122
21
183
90
208
211
88
249
127
124
312
96
310
101
220
73
162
55
244
64
255
127
145
313
33
45
132
305
91
213
282
129
314
207
61
159
299
88
252
135
233
77
237
237
82
250
162
21
24
177
305
119
233
78
216
203
303
237
87
215
74
221
118
27
226
121
24
242
78
214
97
109
212
109
11
154
57
52
217
84
297
87
205
282
135
264
89
301
151
243
85
267
70
172
76
164
309
141
124
257
130
253
109
245
130
258
63
222
218
102
237
88
292
103
255
105
133
42
52
238
83
77
249
139
306
204
41
34
190
271
79
171
271
114
236
85
241
236
75
210
31
127
260
188
312
204
67
246
64
51
211
293
105
94
229
80
69
243
114
217
95
180
267
183
64
164
302
102
222
39
302
172
58
148
1
137
250
90
179
190
81
218
30
178
83
194
192
264
182
171
137
305
138
4
135
266
203
29
31
145
252
105
84
63
56
247
90
196
258
191
80
209
34
154
63
82
199
259
124
258
158
307
144
64
207
76
272
277
204
50
140
62
245
54
182
65
218
46
154
265
82
239
232
59
67
256
126
38
155
58
140
310
90
241
96
195
264
294
84
291
81
219
107
209
76
174
311
124
280
198
85
238
227
81
211
312
2
150
307
94
190
29
168
180
191
47
235
246
95
254
264
98
234
83
248
307
224
37
50
135
312
18
169
10
110
258
115
133
287
197
257
129
239
61
186
199
31
222
65
203
283
120
22
126
279
77
91
208
109
243
100
113
212
113
288
162
14
147
64
201
77
167
28
181
59
148
55
51
244
59
164
17
109
295
204
212
46
147
61
258
121
19
146
264
262
156
37
178
36
218
35
205
30
31
18
114
266
95
108
218
311
110
219
215
114
246
151
16
172
223
52
216
197
190
49
206
44
130
126
241
87
301
6
137
238
113
258
101
106
92
308
106
7
314
203
171
82
213
96
183
88
226
92
271
23
121
36
226
95
299
90
246
117
24
166
32
130
308
142
293
165
188
278
72
162
164
60
208
159
19
112
97
83
208
3
97
221
84
90
79
218
91
214
89
260
204
277
252
63
76
274
184
259
177
202
42
230
89
187
282
208
71
154
13
240
235
127
143
140
2
138
262
88
228
75
81
230
88
184
59
235
99
1
128
256
123
249
92
273
216
115
124
288
152
220
109
215
38
197
201
80
251
152
218
39
127
113
249
120
136
43
130
280
101
287
203
305
102
203
36
165
304
218
96
297
202
225
46
217
9
181
83
180
217
99
240
123
224
54
207
38
125
128
257
261
152
158
34
213
293
235
117
249
106
244
188
277
91
261
127
27
220
111
301
116
252
87
197
207
35
210
34
129
22
219
215
98
213
89
91
225
31
201
309
200
83
259
126
286
211
40
204
18
192
24
185
43
214
33
176
88
225
231
85
98
310
91
292
282
192
223
83
229
79
87
95
97
235
44
232
62
206
48
136
313
104
97
91
91
88
244
53
241
73
232
57
209
108
299
129
135
293
199
205
213
68
218
89
97
107
256
144
51
236
78
209
264
198
266
182
37
135
260
120
301
141
64
234
60
170
59
247
115
242
82
76
217
115
99
245
65
152
247
113
221
235
53
82
207
41
29
206
289
123
147
22
127
256
70
207
100
215
18
123
261
105
8
263
137
47
36
206
43
209
111
110
107
17
16
122
28
201
30
207
34
192
276
184
263
200
98
286
137
3
108
211
111
133
303
95
309
142
213
59
241
81
252
98
232
66
246
82
230
47
145
187
90
285
133
38
179
150
53
142
47
144
33
193
208
68
172
298
272
0
99
285
109
217
69
216
63
254
99
289
308
125
44
211
168
59
250
63
227
39
134
134
276
188
20
22
204
292
257
121
236
69
223
120
129
262
170
18
128
131
313
148
314
145
141
310
290
80
73
230
48
211
266
100
211
106
246
94
301
135
153
63
58
239
106
205
216
40
123
11
142
311
106
238
2
153
164
145
14
175
256
104
213
113
253
100
225
112
118
242
235
226
61
253
159
71
245
124
26
202
268
159
58
141
49
140
6
253
114
229
117
103
275
115
114
257
112
250
153
159
22
25
38
211
80
233
140
52
226
74
163
206
219
118
16
113
233
103
231
71
271
74
257
249
70
219
94
248
110
215
206
291
104
87
77
213
58
223
94
214
77
175
70
224
223
103
254
127
230
69
249
74
182
32
206
82
82
87
229
125
115
22
207
81
262
145
134
233
104
256
85
212
90
225
101
307
312
135
261
263
211
92
295
87
234
108
220
83
273
192
42
218
113
296
199
184
89
303
201
17
156
146
258
278
80
213
48
237
87
90
252
301
201
312
306
95
225
38
204
211
265
177
74
245
93
89
249
79
210
73
164
12
26
204
25
29
122
279
128
33
213
61
246
51
135
45
58
237
63
68
226
69
191
179
308
16
117
223
100
198
93
231
132
263
199
277
209
40
182
75
76
267
178
310
310
311
203
41
209
213
106
293
211
265
183
169
30
196
198
199
263
188
88
250
117
115
239
122
223
43
234
45
224
165
73
278
88
296
109
225
59
248
125
244
82
291
128
300
115
116
228
45
135
310
142
313
101
115
226
47
141
258
107
107
224
103
95
187
278
261
122
22
119
9
151
265
86
223
159
72
210
92
76
214
2
133
262
202
19
118
31
220
81
282
77
247
132
40
224
48
196
197
271
211
262
128
27
221
39
49
222
53
142
55
220
91
252
143
128
299
306
94
228
79
291
122
227
129
143
308
93
212
181
91
110
224
101
97
287
87
269
172
300
296
206
101
257
109
206
270
206
45
203
307
148
132
122
3
136
253
161
71
238
66
225
225
81
263
211
85
179
1
113
20
222
58
180
30
133
39
135
117
282
98
196
103
4
102
301
130
312
126
243
233
68
61
228
45
57
240
62
257
250
84
64
248
112
242
68
148
67
264
206
26
151
53
61
198
202
295
140
294
152
135
30
206
106
314
36
217
101
6
155
80
270
209
264
112
231
104
117
10
203
3
108
217
67
203
37
223
35
166
16
153
13
205
289
160
72
209
94
90
223
87
178
71
263
256
116
105
9
313
174
33
126
258
266
199
102
113
225
224
99
230
100
236
0
135
301
290
85
181
87
216
67
265
270
158
252
86
226
163
62
246
116
16
146
261
300
135
253
96
302
89
252
280
203
27
28
169
77
170
258
131
311
1
114
246
107
101
233
311
122
138
254
73
216
109
231
58
221
292
85
276
304
99
226
54
229
45
149
152
149
264
169
14
155
60
148
283
209
77
263
136
251
129
108
249
87
69
218
52
143
162
20
166
271
143
276
107
210
49
205
88
69
245
146
62
233
45
194
189
274
191
163
19
201
294
197
105
210
217
72
194
205
304
177
68
262
169
60
253
77
173
66
142
45
221
61
214
55
240
105
249
96
262
108
4
105
288
206
84
277
96
202
0
150
247
96
304
257
119
259
143
11
3
99
220
230
42
213
102
239
49
220
15
147
207
102
254
166
204
105
212
91
99
219
24
220
225
65
228
42
206
269
306
135
256
192
94
186
12
160
294
292
216
102
216
48
219
113
112
128
238
87
69
260
203
273
86
263
168
156
22
134
307
171
24
170
82
92
187
77
158
10
103
206
259
117
220
72
244
58
144
174
169
314
307
212
63
242
86
213
64
243
91
243
78
261
110
15
202
206
87
226
118
230
108
230
79
94
106
12
205
293
111
255
87
264
62
221
50
245
56
223
225
50
242
52
208
15
185
92
191
286
193
24
195
282
143
147
17
171
257
130
41
204
307
207
24
184
95
234
85
167
64
73
244
100
111
232
45
42
139
47
227
208
73
261
85
85
176
170
154
159
22
161
199
75
213
57
204
206
273
76
93
219
111
248
123
283
193
27
28
124
34
189
282
94
196
153
160
298
84
251
120
272
148
254
151
61
67
257
105
312
98
209
86
221
105
6
148
285
258
257
120
20
157
65
207
42
208
56
145
15
105
203
16
114
225
235
45
41
14
155
7
179
26
162
68
238
5
102
220
112
229
60
187
73
209
267
191
262
176
309
146
164
22
23
118
301
283
100
234
236
79
268
90
302
94
308
182
171
46
228
77
224
47
206
307
121
241
54
146
284
80
205
193
82
297
198
53
244
62
174
11
159
67
155
1
216
103
101
193
197
189
19
111
217
48
240
143
307
133
279
79
216
22
28
224
53
213
40
205
45
213
9
7
151
10
13
15
6
100
109
215
64
154
5
106
203
300
118
231
48
212
83
169
56
238
54
72
182
165
292
283
208
82
243
113
253
251
134
300
304
133
239
51
212
45
144
249
98
110
240
60
179
87
250
94
246
111
113
244
122
105
7
152
310
109
211
47
140
171
0
209
106
252
254
101
113
256
248
57
144
265
201
103
256
103
10
111
260
175
74
208
98
228
123
28
118
273
74
159
309
203
285
95
3
117
128
131
263
113
229
121
251
105
247
107
127
245
61
223
27
207
14
114
264
172
151
15
204
265
108
243
36
129
17
194
260
205
267
186
90
94
210
177
19
206
258
90
211
65
239
236
45
208
103
86
298
201
105
248
56
209
209
81
214
101
278
78
249
83
276
121
109
7
150
66
265
190
50
207
284
196
97
88
298
161
24
187
87
220
220
88
102
246
54
237
92
198
288
90
244
242
51
151
293
198
257
159
44
42
219
40
220
41
218
32
130
295
127
241
244
112
15
167
252
93
197
266
207
59
229
116
21
120
273
134
302
101
247
114
310
301
206
39
204
103
237
109
97
236
51
237
46
235
118
29
196
265
79
184
180
8
104
255
115
271
95
240
236
53
203
261
74
183
141
56
244
83
179
22
6
138
300
208
41
215
89
273
90
228
52
50
137
242
102
101
214
110
221
99
116
245
125
252
61
66
153
264
73
179
221
109
264
138
248
246
68
236
111
127
308
97
227
39
226
105
290
109
208
54
232
51
237
237
113
121
269
116
231
243
117
220
299
150
264
175
220
103
209
102
9
148
10
146
19
109
256
120
229
195
209
69
72
64
210
208
13
210
72
60
207
51
226
42
17
154
208
275
194
192
98
250
151
284
203
103
297
171
27
38
213
79
176
271
204
27
169
171
63
261
176
167
152
57
229
69
206
302
204
9
179
269
70
205
57
222
108
93
209
95
208
80
267
277
87
219
96
232
114
214
40
206
97
192
257
63
236
61
247
59
214
96
188
70
75
100
205
216
108
244
130
138
233
51
223
57
195
86
219
101
254
80
216
88
272
79
266
151
58
241
107
227
31
46
216
227
101
268
261
252
76
248
136
53
237
121
31
170
311
102
284
97
0
132
132
44
32
126
134
49
204
32
36
126
116
237
114
257
163
264
292
106
6
24
115
218
98
212
267
192
212
106
229
233
106
255
269
68
155
127
34
173
172
82
234
292
124
286
255
124
141
292
157
36
176
81
271
68
253
116
236
76
263
73
84
88
234
78
235
122
249
154
143
152
15
128
298
137
256
125
119
23
158
293
167
292
289
94
184
211
34
24
191
254
68
265
313
97
111
284
86
256
257
107
250
64
71
246
51
206
294
96
237
59
208
33
205
192
100
210
85
247
73
276
294
90
233
49
240
117
253
106
236
139
120
36
131
285
110
229
109
127
142
312
182
57
51
235
94
211
11
101
235
109
255
133
54
212
32
216
106
221
42
127
234
61
225
69
237
86
85
173
14
119
110
210
170
80
172
161
70
83
174
177
63
208
303
136
256
116
219
108
10
100
204
297
90
220
219
226
63
255
70
211
66
167
80
223
85
