42
230
46
226
110
16
116
12
210
90
300
201
286
199
202
281
80
238
104
228
85
214
217
106
310
97
253
148
157
263
92
232
238
78
227
67
174
305
237
129
38
203
50
142
255
121
272
120
258
190
185
60
247
63
229
67
151
10
153
148
14
149
4
151
254
62
242
55
207
265
172
299
140
5
110
99
233
115
256
261
202
268
151
285
190
24
220
114
13
163
163
289
138
124
309
206
33
155
212
111
242
104
222
48
141
46
129
293
80
94
188
18
156
200
281
207
49
234
57
216
97
225
217
61
165
178
30
119
251
83
295
205
104
234
42
226
73
235
47
40
131
30
125
272
115
257
87
208
48
218
214
108
14
312
101
289
99
114
256
63
229
92
281
206
69
184
86
292
82
95
224
60
209
265
186
81
81
250
248
110
220
120
26
191
86
224
93
262
172
77
77
235
90
241
66
182
267
73
61
145
65
213
35
126
230
91
216
56
228
44
228
55
209
111
116
257
110
298
208
47
232
62
172
34
203
290
177
5
9
108
209
51
227
95
104
232
76
239
119
226
53
239
235
80
248
150
6
181
73
251
117
114
213
50
208
76
210
262
312
203
280
295
160
209
53
238
242
52
235
67
82
187
94
277
92
304
94
212
213
94
283
87
211
286
135
43
235
96
248
92
79
241
57
208
67
220
74
264
133
43
204
83
172
70
169
75
168
261
162
60
231
105
11
173
74
244
75
247
117
116
224
66
222
96
241
19
171
74
231
40
221
69
157
71
216
66
206
304
116
232
229
100
196
208
65
233
93
225
218
107
220
119
257
163
18
8
143
262
72
273
181
76
251
71
74
239
50
211
82
210
80
219
108
217
20
123
2
141
264
155
17
116
14
164
11
159
17
134
37
213
44
43
186
23
178
270
138
306
310
92
249
107
204
304
137
29
14
9
156
67
219
117
3
95
242
57
215
46
136
260
121
28
180
38
45
236
59
256
62
159
147
314
173
213
112
223
95
233
73
272
181
311
141
8
10
8
140
4
101
233
88
239
241
17
113
268
197
101
214
20
115
239
73
240
8
157
15
156
20
16
158
307
148
15
33
206
83
72
249
114
125
305
96
209
66
53
243
57
218
117
253
92
234
107
123
26
175
78
215
80
245
55
217
108
20
202
37
216
50
219
61
146
16
119
248
70
60
225
77
166
305
236
84
253
122
303
164
254
100
287
172
159
8
106
212
66
185
174
86
180
35
206
59
69
235
54
231
83
87
224
72
246
253
75
212
221
114
128
35
144
312
97
230
66
261
208
86
182
312
166
253
101
236
83
287
298
143
128
261
254
83
232
42
225
111
222
37
206
203
43
227
59
213
54
237
138
48
233
55
146
163
22
299
131
39
216
76
224
51
234
84
215
225
41
229
224
43
59
249
85
199
282
96
190
175
304
131
17
127
293
196
285
79
69
176
291
105
209
37
131
261
90
301
99
314
100
218
61
62
219
84
76
286
206
57
220
61
155
268
69
160
18
112
211
56
220
100
7
180
75
189
275
81
211
152
3
150
300
130
115
224
108
117
229
98
250
104
257
140
309
123
308
39
128
144
52
245
243
82
219
107
213
11
152
147
148
240
129
295
127
133
236
46
47
227
53
246
248
121
285
194
87
286
123
279
200
212
106
258
269
82
79
232
82
277
189
63
240
67
224
121
282
292
127
258
93
280
196
26
125
33
30
185
89
229
74
281
83
74
223
38
217
67
61
238
93
216
200
212
62
230
86
251
133
37
2
147
60
205
54
194
96
298
203
97
221
117
254
116
124
274
118
228
219
104
206
10
105
202
104
104
241
86
275
255
108
111
223
119
23
138
3
143
244
91
196
295
199
210
42
233
84
188
46
205
3
5
204
272
81
287
85
242
108
251
116
28
43
208
101
5
99
195
274
197
99
246
85
262
204
283
198
291
295
284
80
221
228
39
207
32
154
280
91
250
121
246
54
221
68
265
266
162
67
232
72
236
130
279
81
247
98
249
69
232
54
208
62
247
250
110
96
0
144
50
209
36
134
262
139
7
140
308
132
16
157
262
166
156
264
95
248
144
303
89
78
210
261
211
89
240
20
113
252
86
296
169
308
92
212
36
223
55
204
44
207
47
236
61
249
128
250
60
226
122
15
46
204
306
134
47
210
104
248
103
205
93
306
158
68
205
80
250
113
96
226
37
29
165
24
119
18
123
30
153
162
23
202
64
152
264
176
307
94
313
202
277
183
38
35
208
97
189
78
246
252
164
75
162
263
207
50
67
210
102
206
278
200
75
174
3
146
278
76
84
269
79
185
88
79
231
65
262
208
78
166
265
141
308
168
294
126
260
137
51
58
247
91
292
199
264
70
210
5
151
247
71
212
262
110
218
112
97
274
267
150
311
96
192
140
45
232
48
234
47
223
40
207
179
29
197
206
285
97
86
178
73
81
214
99
252
56
243
252
115
214
92
226
33
173
82
179
39
225
218
49
233
56
245
105
230
233
44
223
96
211
55
246
112
221
87
299
213
84
290
204
98
233
110
254
252
107
93
311
127
40
133
305
274
93
189
92
275
72
233
48
205
100
117
231
112
212
263
66
144
145
276
92
225
96
286
80
217
79
283
76
265
115
247
104
223
87
251
98
103
236
307
95
181
269
179
40
229
103
255
103
111
215
113
10
143
279
194
289
79
212
205
44
229
39
25
165
196
292
166
72
168
77
206
99
287
204
261
186
91
188
79
71
267
115
123
258
65
240
61
208
53
240
97
222
59
137
314
104
211
207
267
98
219
53
149
286
161
74
211
83
203
89
278
155
65
151
53
215
70
195
265
70
153
12
142
7
104
252
154
289
200
276
94
191
23
124
27
133
304
146
1
204
268
210
292
157
22
171
1
24
123
306
119
273
76
238
52
231
99
115
216
24
113
249
75
231
49
240
108
256
121
23
115
249
73
90
227
86
88
193
97
207
58
196
202
31
206
65
253
69
205
29
36
125
283
132
1
103
293
107
8
276
203
272
123
32
243
92
224
61
246
59
150
263
173
3
148
192
264
150
9
154
18
125
25
138
45
226
65
153
296
160
191
95
211
204
270
207
62
218
212
76
205
38
221
24
126
112
234
67
214
195
261
288
165
75
166
51
49
220
65
150
26
126
8
150
69
247
57
247
95
215
59
245
74
190
183
264
209
63
57
227
307
139
308
211
39
215
102
278
201
32
174
66
248
88
299
198
265
91
227
60
219
59
146
264
180
274
203
181
88
300
89
99
300
164
26
122
21
183
90
221
212
88
249
120
21
313
96
228
101
218
80
227
124
244
65
255
127
29
130
33
36
206
305
91
197
258
129
314
207
61
160
299
90
252
60
198
77
242
235
74
250
162
21
24
177
305
45
233
107
216
220
51
237
87
215
74
221
118
27
122
121
24
174
78
214
218
109
212
109
11
154
138
54
217
84
297
87
190
281
197
264
89
301
151
243
85
182
70
227
76
162
309
141
10
101
93
253
72
245
89
255
63
223
94
102
200
198
263
107
231
53
133
42
129
249
83
76
249
139
146
297
175
34
190
164
79
171
298
114
236
50
241
60
75
210
31
124
260
188
279
204
57
246
64
178
260
211
101
94
229
80
237
243
114
17
153
210
71
68
153
34
195
102
222
118
302
172
63
149
1
150
251
90
295
169
81
210
263
177
83
195
179
74
181
313
137
305
138
4
144
11
203
29
120
125
256
105
216
45
56
247
90
196
73
191
21
127
34
154
13
268
199
283
124
258
138
5
175
66
228
76
230
80
204
50
140
128
245
54
236
65
218
67
175
265
5
239
70
233
52
246
252
119
230
58
244
129
146
241
98
195
89
177
84
291
81
219
100
209
287
194
276
124
280
198
85
210
97
311
98
100
1
182
270
93
190
29
168
80
189
47
65
246
95
192
270
98
234
83
248
97
224
49
139
135
312
146
18
10
110
258
115
267
284
197
257
109
239
62
211
157
41
222
63
75
274
204
22
126
279
77
91
208
103
243
100
248
240
113
288
150
14
147
64
230
77
167
28
181
59
148
55
51
244
66
188
17
108
295
201
191
283
169
67
258
201
154
290
200
208
72
66
178
36
228
69
211
30
126
306
157
266
206
108
218
211
110
103
215
114
252
151
16
217
37
225
216
42
190
49
235
44
129
124
240
87
301
119
117
256
113
113
255
84
205
308
108
7
313
203
198
82
213
91
183
40
226
91
242
242
121
36
226
95
193
77
246
117
24
166
10
145
308
142
293
165
81
278
25
162
164
60
171
159
19
112
286
191
265
3
98
221
84
199
105
218
91
214
87
296
204
277
185
63
201
274
184
192
21
202
41
227
89
187
27
208
71
154
13
240
126
127
310
140
264
157
179
88
228
75
81
230
88
209
59
220
94
279
128
242
123
249
102
9
103
115
124
288
82
217
109
215
68
257
64
156
251
58
135
40
35
123
246
55
136
43
130
293
90
287
161
254
102
203
36
205
78
276
96
231
43
225
46
142
9
181
213
58
217
99
295
112
224
54
207
38
39
136
254
168
17
216
34
124
293
104
118
249
106
244
112
219
64
261
127
28
220
111
114
111
252
87
81
207
261
210
34
129
47
219
215
98
199
185
91
225
85
201
309
93
83
259
126
277
144
4
204
88
192
24
185
43
214
33
176
90
81
231
85
98
310
183
194
282
192
284
83
229
79
236
300
97
235
44
236
62
200
292
136
313
272
96
213
219
90
244
84
241
73
232
57
209
108
107
245
83
293
199
284
148
68
219
89
214
107
12
144
51
231
46
187
264
198
87
182
37
135
309
130
301
141
50
234
60
170
59
247
61
251
82
92
217
115
118
245
65
152
9
115
221
60
168
271
71
207
48
26
161
297
97
249
111
256
70
207
100
215
18
130
241
114
111
263
137
46
41
206
43
209
111
235
107
10
34
122
29
208
30
207
34
185
276
184
263
200
193
288
137
3
106
253
111
238
1
95
309
143
254
59
241
89
252
140
51
141
246
82
230
231
41
187
90
285
201
263
134
51
42
220
47
144
307
92
208
68
172
20
145
0
99
222
109
217
69
216
63
254
99
2
238
125
262
211
59
251
250
84
227
39
134
288
276
188
207
99
109
292
130
126
234
69
193
35
129
21
155
18
116
128
313
148
314
145
310
198
204
82
73
230
48
48
210
65
211
105
246
94
301
135
148
57
58
239
106
205
203
308
167
11
142
311
143
13
168
153
69
208
262
130
256
104
213
113
253
100
225
220
118
270
76
226
61
253
159
71
237
124
37
130
45
207
43
141
49
140
6
12
114
229
115
117
12
15
114
257
112
12
153
19
122
132
38
211
80
170
140
52
232
74
163
154
265
149
16
113
233
103
231
90
271
74
258
157
56
219
94
248
63
260
170
291
104
217
77
213
32
223
34
214
77
175
86
219
223
103
294
131
303
89
249
74
212
32
206
82
210
87
229
226
113
22
190
201
262
145
134
232
59
197
85
212
90
225
101
2
136
135
261
159
259
92
306
97
234
44
220
83
273
205
102
218
113
265
200
184
89
304
201
14
156
267
69
254
97
213
48
237
303
90
267
301
201
305
294
107
225
75
284
211
265
177
77
245
93
89
248
79
210
73
164
48
189
17
210
29
121
294
128
33
45
56
246
51
135
44
47
237
63
68
226
97
231
93
308
133
117
223
100
198
93
288
132
263
133
290
270
83
280
75
208
104
99
310
142
39
203
66
61
213
106
204
201
288
80
169
71
172
79
165
263
85
88
250
117
112
239
122
223
54
234
45
7
165
73
278
88
296
109
228
59
257
125
244
82
296
128
300
303
116
228
45
211
10
142
313
101
104
226
221
66
259
107
223
224
103
95
200
83
282
122
22
119
131
147
265
86
170
63
72
210
92
76
214
44
133
262
202
19
118
31
220
81
282
77
247
132
40
224
48
143
12
4
211
262
131
110
221
226
39
222
53
142
55
220
91
252
301
133
299
202
93
228
79
290
121
227
117
119
305
93
212
277
91
110
224
101
271
204
311
269
207
301
162
206
101
294
109
208
270
206
45
203
2
148
310
201
33
136
49
162
71
238
66
74
224
98
263
211
85
203
258
113
107
222
58
172
311
133
39
133
303
202
98
196
103
4
102
301
130
312
126
243
66
231
57
237
45
57
240
231
59
67
159
64
248
107
242
68
154
67
264
206
26
151
6
182
27
161
262
140
302
174
190
46
238
106
224
102
217
101
6
155
177
304
143
264
112
253
104
92
292
203
98
218
36
44
203
101
223
59
155
265
153
261
205
289
82
72
209
80
73
223
82
178
71
60
256
116
105
105
313
147
261
126
258
62
199
302
98
225
224
99
230
100
98
0
139
150
289
85
181
87
213
196
265
174
261
176
202
300
163
62
246
73
227
109
261
130
135
253
96
302
89
277
78
70
208
28
169
77
251
258
131
43
230
114
246
107
204
107
206
22
125
254
73
216
109
232
58
141
292
85
252
101
112
226
54
229
45
132
2
149
264
169
14
152
60
148
266
209
77
263
135
251
245
103
249
87
75
243
231
63
162
20
160
10
143
310
107
210
76
199
271
69
245
71
226
56
138
50
212
274
85
97
1
201
291
197
105
210
83
269
194
205
28
150
167
262
169
60
253
77
208
66
149
49
212
61
214
48
240
56
249
122
20
139
4
105
288
206
103
218
96
105
13
108
247
96
297
26
119
259
143
11
274
99
232
50
191
212
102
239
49
213
15
147
207
102
254
166
204
105
212
91
99
219
58
66
225
65
229
42
139
178
306
143
274
192
94
186
12
160
311
292
105
102
229
48
219
113
257
128
238
68
192
263
203
273
86
212
304
156
21
134
253
250
83
189
184
92
187
80
165
78
82
170
259
117
220
72
244
60
74
167
169
314
103
212
63
217
86
225
62
243
91
243
78
245
111
15
107
95
87
226
118
127
108
230
79
235
106
12
128
292
101
255
87
261
62
223
69
61
150
63
225
67
242
28
217
15
185
92
195
286
193
102
202
288
280
147
17
171
257
126
41
204
308
207
41
184
95
234
85
226
43
57
244
100
108
232
51
61
139
47
38
208
73
253
248
85
176
170
297
159
22
161
211
75
213
26
204
101
195
294
85
219
111
297
127
32
125
27
28
124
34
204
282
94
196
287
160
298
93
251
120
300
103
290
127
149
67
248
113
312
98
209
86
221
105
6
148
265
159
257
120
20
157
63
207
42
208
56
145
15
105
203
259
120
225
44
45
235
63
155
7
179
265
152
51
238
5
102
220
112
217
32
194
73
209
267
200
262
178
309
300
173
22
23
118
119
303
311
95
237
79
276
90
302
94
208
294
203
46
228
78
224
47
206
307
121
247
54
230
71
177
210
84
82
237
143
53
244
67
184
265
161
67
155
14
8
103
101
193
33
209
13
111
217
48
239
145
307
133
249
79
216
40
228
224
53
213
40
205
45
213
9
150
183
10
22
201
6
114
109
215
64
154
5
164
171
300
117
233
46
221
83
223
116
238
54
193
26
165
292
97
208
82
214
113
14
149
134
300
303
132
139
51
212
45
144
253
98
110
240
60
179
87
250
94
295
111
113
102
242
105
7
140
6
109
211
47
140
1
144
209
106
252
100
112
21
116
248
57
144
265
201
103
256
158
247
111
19
175
74
208
98
228
123
28
118
277
74
159
309
203
285
134
3
121
128
259
172
84
235
85
251
105
247
56
54
245
61
223
53
207
29
125
261
292
151
312
141
6
108
125
11
129
281
122
306
205
267
264
182
94
210
211
86
206
271
212
176
65
239
52
40
208
102
86
298
201
105
225
56
62
209
81
234
71
278
78
249
95
93
241
109
7
150
66
265
190
31
207
284
94
265
89
298
161
75
219
79
227
220
88
102
246
54
239
99
198
288
81
244
54
218
177
294
198
69
147
131
42
219
40
220
41
210
32
130
41
131
131
250
112
15
167
303
93
197
266
207
59
229
116
23
148
298
134
286
101
247
114
267
271
206
39
204
67
237
109
96
236
51
237
46
235
118
259
123
288
79
207
203
8
104
255
115
271
140
303
236
53
216
210
74
263
147
56
244
238
86
236
6
138
44
208
58
215
89
273
90
228
52
48
137
2
102
101
214
110
221
113
116
245
124
252
61
66
153
157
73
225
47
212
264
138
58
246
56
45
189
96
308
97
227
64
222
105
207
109
208
49
238
245
53
237
113
99
269
115
231
239
117
220
36
210
264
175
306
103
209
110
314
201
10
146
19
109
12
120
229
37
219
69
159
72
208
90
200
210
72
60
207
51
226
38
17
150
207
275
190
192
98
250
123
284
202
103
106
9
36
38
213
79
282
188
174
27
149
152
71
261
158
10
152
57
165
265
206
299
204
9
113
270
70
177
57
222
108
310
210
95
208
80
267
276
87
219
96
232
114
214
40
206
0
133
260
74
246
61
216
60
248
96
188
70
268
195
86
216
108
244
93
227
233
51
223
57
57
207
107
100
213
62
216
88
272
79
265
151
58
241
107
227
46
231
288
99
191
274
209
279
76
264
136
53
139
121
31
170
311
135
282
97
0
146
132
41
141
300
131
49
204
16
154
140
234
243
65
265
163
264
208
106
211
24
115
218
42
212
267
205
205
106
229
224
68
209
261
68
248
127
34
173
186
43
233
231
124
286
152
0
137
4
157
295
176
81
271
95
253
128
236
76
182
73
274
87
234
78
254
122
244
92
267
152
262
127
298
137
256
127
122
23
158
293
167
292
94
199
297
211
34
24
128
254
68
174
313
97
280
193
86
192
257
107
228
231
71
246
51
206
294
96
237
59
208
33
205
99
100
216
85
221
73
276
205
88
222
49
237
117
255
106
236
139
8
156
305
285
110
229
109
305
142
312
107
217
50
235
94
211
288
89
213
109
255
133
54
212
33
216
106
221
120
127
13
115
240
69
237
86
77
215
221
119
110
210
77
80
177
64
208
83
174
154
63
208
303
136
4
116
219
108
241
12
147
297
99
220
98
226
58
245
70
236
66
74
80
223
85
