41
230
68
231
110
244
121
12
210
90
275
101
286
199
96
281
80
238
104
228
85
78
217
106
310
97
253
148
256
263
92
232
283
78
227
67
152
169
299
129
38
138
50
142
255
72
277
120
254
132
145
60
247
63
229
64
151
262
12
148
14
149
4
33
154
14
242
55
207
165
172
299
140
5
113
228
233
115
256
301
202
268
151
242
248
69
220
114
13
163
162
309
133
124
309
205
53
192
212
111
108
212
222
48
141
46
230
123
290
94
227
80
175
200
281
207
49
138
57
236
235
85
217
213
211
152
30
119
251
82
295
205
104
234
106
226
73
235
50
244
131
30
125
121
115
257
104
208
48
228
217
108
238
120
101
289
106
114
256
63
230
92
209
73
58
238
86
293
85
95
211
60
209
265
193
81
245
150
251
59
220
120
26
191
86
224
93
262
172
77
236
235
91
241
66
50
166
26
181
172
65
214
35
126
274
91
216
56
228
63
239
55
209
215
103
257
110
212
188
47
214
63
172
22
203
290
177
5
294
108
209
51
220
96
102
232
76
239
48
132
53
239
235
80
248
150
6
157
73
251
97
114
213
110
208
76
210
87
271
203
91
286
162
156
53
146
242
52
235
71
187
91
297
303
92
251
94
106
213
94
283
87
211
286
135
43
235
96
248
90
79
241
57
208
67
220
74
264
206
42
204
83
172
70
151
160
254
169
162
60
231
105
302
173
74
244
75
247
117
116
224
66
222
96
193
19
171
74
196
40
221
69
157
71
230
66
206
273
116
232
229
100
4
208
65
233
93
225
218
104
220
173
21
163
166
8
143
262
72
273
181
76
248
71
74
239
50
211
82
210
80
219
108
215
309
123
262
135
264
155
250
115
14
164
68
214
17
29
37
213
39
18
117
23
178
270
138
306
310
302
249
107
204
284
294
129
146
9
156
67
219
117
111
95
242
57
215
46
159
245
121
27
180
188
45
236
59
142
141
1
147
0
173
212
112
223
95
190
73
272
181
43
141
8
182
8
140
4
239
95
88
239
116
18
113
268
116
101
312
20
117
239
73
213
7
157
164
156
20
125
109
307
148
15
33
206
197
73
234
102
104
305
96
209
66
53
243
56
218
117
253
92
234
310
123
26
175
76
215
80
245
55
217
94
293
202
17
216
50
219
61
165
16
119
248
70
215
225
77
166
305
236
84
253
131
255
137
254
100
203
18
159
8
207
194
80
79
175
86
179
35
206
192
69
235
54
231
95
96
226
72
248
238
75
212
105
112
128
31
127
312
97
244
66
261
208
70
182
243
111
253
101
205
83
289
195
297
112
246
254
83
232
120
225
82
222
37
206
38
43
234
59
221
90
237
138
48
233
55
153
162
22
38
131
39
216
76
224
51
234
243
76
225
41
229
224
43
59
249
82
275
282
96
190
32
50
131
16
126
293
196
285
207
69
177
206
92
227
37
131
261
90
207
99
314
100
218
61
209
219
84
197
286
206
57
220
20
155
268
69
160
18
112
211
213
220
100
1
180
75
81
173
79
211
314
3
150
38
130
39
224
108
102
2
98
250
104
9
140
309
126
289
291
125
23
52
245
248
82
219
107
213
11
152
155
148
240
85
302
132
118
236
46
233
227
53
246
248
84
285
194
282
281
123
279
89
212
106
203
296
212
86
232
82
95
189
100
240
67
224
121
23
292
127
258
93
309
184
26
125
33
41
185
89
229
74
281
83
78
223
38
217
62
63
220
93
291
102
212
62
251
86
251
133
37
2
147
61
205
37
41
200
302
203
97
225
117
254
116
124
274
98
217
219
104
206
10
105
202
292
101
241
86
254
255
108
111
223
119
131
138
3
143
244
91
196
165
301
91
100
195
84
188
46
205
3
4
204
200
81
287
85
296
102
251
116
28
37
208
101
5
99
195
274
197
99
246
85
270
211
283
297
135
134
284
80
221
228
39
207
32
15
280
91
90
249
246
54
221
68
265
162
162
67
221
72
236
130
279
81
247
98
249
118
232
54
220
62
144
250
110
96
0
144
44
209
36
134
262
139
7
114
22
112
16
152
313
146
148
251
98
248
108
254
62
78
210
261
211
89
240
20
113
252
122
296
169
309
92
212
36
223
48
204
44
207
47
236
61
249
131
250
60
226
122
139
46
204
306
134
47
210
104
248
103
204
93
255
158
68
205
308
248
114
227
226
37
177
165
24
119
127
123
30
153
158
23
202
47
212
31
176
307
132
308
202
27
183
38
35
208
194
277
78
80
261
85
287
162
28
207
50
237
236
102
206
36
200
271
174
3
146
209
71
80
247
79
91
231
79
231
65
262
208
78
246
6
141
275
89
294
126
3
137
43
58
247
124
34
200
264
80
210
5
151
247
71
201
262
110
218
112
301
174
267
150
253
96
192
52
41
232
48
234
47
223
45
33
201
29
197
198
285
97
188
56
53
42
214
85
252
58
59
252
115
214
92
215
33
173
82
179
39
225
38
49
233
117
245
105
233
52
44
223
41
211
55
246
89
221
87
299
301
90
277
292
98
233
110
254
252
107
301
311
127
40
133
305
270
93
189
92
275
72
233
48
313
100
111
251
112
212
263
157
15
145
276
92
99
96
286
80
217
79
283
76
274
140
247
104
235
87
251
239
103
199
314
95
181
314
183
40
227
103
255
103
111
215
113
10
143
279
194
289
79
212
216
44
229
39
25
165
151
291
210
72
265
77
206
99
287
79
178
186
91
246
241
71
267
115
123
258
160
167
61
208
53
190
97
222
60
236
314
104
211
207
267
158
155
146
139
265
157
74
253
82
189
75
278
146
65
67
53
215
29
154
178
4
153
12
147
7
104
252
78
289
201
276
94
191
23
124
27
48
137
146
1
204
279
209
13
157
22
171
185
21
123
260
283
286
76
238
52
231
99
209
216
24
113
249
75
231
242
240
108
256
122
259
251
249
73
90
227
215
88
193
68
151
58
196
202
31
206
60
238
69
205
29
36
125
283
132
116
123
293
107
278
276
203
272
196
68
243
92
224
84
216
59
150
263
210
3
148
63
49
142
9
154
18
125
25
218
71
226
65
153
296
196
191
95
86
181
189
47
62
172
212
76
202
38
221
24
126
112
234
67
239
47
209
288
84
166
58
51
219
220
65
150
26
126
8
150
62
247
57
247
54
215
59
160
162
261
183
34
218
63
57
227
59
139
308
136
41
223
102
278
201
32
174
66
248
88
189
198
282
133
248
60
219
59
146
264
182
274
185
194
44
213
214
99
272
164
26
122
21
183
90
277
211
88
249
127
134
312
96
310
101
220
73
227
55
244
64
255
127
145
130
33
33
132
305
91
213
282
129
314
207
61
159
299
88
252
135
233
77
237
235
82
250
162
21
24
177
305
119
233
107
216
203
303
237
87
215
74
221
118
27
122
121
24
281
78
214
218
109
212
109
11
154
57
54
217
84
297
87
190
282
196
264
89
301
151
243
85
267
70
227
76
164
309
141
10
101
94
253
72
245
130
258
63
222
113
102
209
88
292
107
255
141
133
42
229
238
83
77
249
139
306
185
175
34
190
164
79
171
298
114
236
50
241
236
75
210
31
124
260
188
69
204
58
246
64
51
211
211
105
94
229
80
69
243
114
9
177
166
267
183
64
164
302
102
222
118
302
172
58
149
1
137
250
90
182
190
81
218
30
178
83
194
179
264
182
152
137
305
138
4
144
34
203
29
31
145
252
105
216
54
56
247
90
196
258
191
21
209
34
154
269
82
199
283
124
258
138
307
144
64
183
76
230
80
204
50
140
62
245
54
236
65
218
46
154
265
82
239
53
234
52
237
126
38
215
58
140
310
90
241
98
195
264
294
84
291
81
219
100
209
76
86
276
124
280
198
85
238
97
81
211
312
2
150
307
94
190
29
168
180
191
47
235
246
95
192
270
98
234
83
248
97
224
37
50
135
312
18
169
10
110
258
115
133
287
197
257
129
239
61
186
172
31
222
65
73
274
120
22
126
279
77
91
208
109
243
100
102
240
113
288
150
14
147
64
201
77
167
28
181
59
148
55
51
244
59
187
17
109
295
204
191
46
147
61
258
121
19
191
264
167
156
66
178
36
228
43
203
30
126
306
114
266
95
108
218
90
110
219
215
114
311
151
16
217
223
52
216
197
190
49
206
44
130
126
241
87
301
119
137
238
113
113
259
106
311
308
106
7
314
203
171
82
213
96
183
88
226
92
242
130
121
36
226
95
193
90
246
117
24
166
263
158
308
142
293
165
188
278
25
162
164
60
208
159
19
112
97
83
208
3
98
221
84
90
105
218
91
214
89
300
204
277
252
63
201
274
184
259
270
202
42
227
89
187
282
208
71
154
13
240
235
127
143
140
264
64
262
88
228
75
81
230
88
184
59
220
99
1
128
256
123
249
102
289
285
115
124
288
82
220
109
215
38
197
201
80
251
152
218
39
124
123
246
120
136
43
130
293
101
287
203
195
102
203
36
165
304
218
96
297
43
225
46
142
9
181
83
219
217
99
240
112
224
54
207
38
125
124
257
261
152
158
34
213
293
104
117
249
106
244
112
219
91
261
127
27
220
111
301
116
252
87
197
207
35
210
34
129
22
219
215
98
213
89
91
225
85
201
309
200
83
259
126
286
209
40
204
88
192
24
185
43
214
33
176
88
81
231
85
98
310
91
80
282
192
285
83
229
79
87
95
97
235
44
232
62
206
48
136
313
104
97
91
298
87
244
84
241
73
232
57
209
108
14
282
135
293
199
268
263
68
218
89
214
107
12
144
51
236
78
187
264
198
266
182
37
135
260
120
301
141
64
234
60
170
59
247
115
242
82
192
217
115
99
245
65
152
9
115
221
215
168
82
207
41
33
206
161
297
147
22
127
256
70
207
100
215
18
19
241
105
111
263
137
47
36
206
43
209
111
110
107
10
16
122
28
201
30
207
34
192
276
184
263
200
98
286
137
3
108
211
111
239
1
95
309
143
213
59
241
81
252
98
232
55
246
82
230
47
145
187
90
285
133
263
179
150
53
142
47
144
260
193
208
68
172
18
145
0
99
285
109
217
69
216
63
254
99
307
308
125
260
211
59
59
250
63
227
39
134
134
276
188
20
22
204
292
130
297
236
69
223
120
129
262
170
18
128
131
313
148
314
145
141
310
290
80
73
230
48
211
266
100
211
106
246
94
301
135
153
63
58
239
106
205
203
40
123
11
142
311
143
238
2
153
69
208
262
130
256
104
213
113
253
100
225
112
118
242
76
226
61
253
159
71
237
124
26
202
268
207
58
141
49
140
6
253
114
229
117
103
5
15
114
257
112
250
153
18
122
132
38
211
80
233
140
52
232
74
163
159
279
118
16
113
233
103
231
71
271
74
257
249
70
219
94
248
63
215
206
291
104
217
77
213
58
223
94
214
77
175
70
88
223
103
0
131
230
69
249
74
182
32
206
82
82
87
229
125
115
22
207
260
262
145
134
232
104
256
85
212
90
225
101
314
312
135
261
263
211
92
295
87
234
108
220
83
273
192
102
218
113
296
200
184
89
303
201
17
156
146
129
111
97
213
48
237
87
90
252
301
201
305
306
95
225
75
268
211
265
177
77
245
93
89
248
79
210
73
164
48
26
204
25
29
122
294
128
33
213
61
246
51
135
45
47
237
63
68
226
42
231
179
308
16
117
223
100
198
93
231
132
263
133
277
209
83
182
75
76
267
181
310
310
311
203
41
209
213
106
293
211
265
80
169
71
196
198
199
263
188
88
250
117
236
239
122
223
55
234
45
160
165
73
278
88
296
109
225
59
257
125
244
82
291
128
300
115
116
228
45
135
310
142
313
101
115
226
47
141
259
107
107
224
103
95
187
278
261
122
22
119
9
151
265
86
252
159
72
210
92
76
214
2
133
262
202
19
118
31
220
81
282
77
247
132
40
224
48
143
197
271
211
262
128
27
221
39
49
222
53
142
55
220
91
252
123
133
299
306
94
228
79
291
122
227
117
143
308
93
212
181
91
110
224
101
97
287
87
269
207
300
296
206
101
257
109
206
270
206
45
203
2
148
310
2
3
136
146
162
71
238
66
225
225
81
263
211
85
179
254
113
114
222
58
180
30
133
39
135
303
282
98
196
103
4
102
301
130
312
126
243
233
68
61
237
45
57
240
62
257
250
249
64
248
112
242
68
154
67
264
206
26
151
62
61
198
202
262
140
136
289
135
46
206
106
314
36
217
101
6
155
165
270
209
264
112
12
104
117
10
203
98
108
217
67
203
37
223
70
166
265
153
13
205
289
160
72
209
94
90
223
87
178
71
60
256
116
105
9
313
147
261
126
258
310
199
102
98
225
224
99
230
100
297
0
139
301
209
85
181
87
216
67
265
174
158
252
86
301
163
62
246
116
16
109
261
300
135
253
96
302
89
84
280
203
208
28
169
77
170
258
131
302
146
114
246
107
101
107
310
122
138
254
73
216
109
231
58
174
292
85
252
304
99
226
54
229
45
64
161
149
264
169
14
155
60
148
283
209
77
263
136
251
129
108
249
87
69
218
52
143
162
20
166
271
143
276
107
210
49
205
88
69
245
146
62
233
45
194
189
274
191
163
20
201
294
197
105
210
84
72
194
205
304
177
68
262
169
60
253
77
208
66
142
45
221
61
214
55
240
105
249
96
262
127
4
105
288
206
103
200
96
202
13
108
247
96
304
257
119
259
143
11
3
99
232
230
42
213
102
239
49
213
15
147
207
102
254
166
204
105
212
91
99
219
58
218
225
65
228
42
206
269
306
143
256
192
94
186
12
160
294
292
216
102
229
48
219
113
112
128
238
87
69
260
203
273
86
263
168
156
22
134
253
171
83
189
82
92
187
77
165
10
167
170
259
117
220
72
244
58
74
167
169
314
103
212
63
242
86
213
64
243
91
243
78
245
111
15
202
102
87
226
118
230
108
230
79
276
106
12
205
293
111
255
87
242
62
221
50
245
56
223
225
50
242
52
209
15
185
92
195
286
193
24
202
282
18
147
17
171
257
130
41
204
307
207
24
184
95
234
85
204
43
57
244
100
109
232
45
42
139
47
227
208
73
261
67
85
176
170
21
159
22
161
211
75
213
57
204
206
276
294
85
219
111
248
123
32
193
27
28
124
34
189
282
94
196
47
160
298
84
251
120
235
103
254
151
61
67
257
105
312
98
209
86
221
105
6
148
285
258
257
120
20
157
65
207
42
208
56
145
15
105
203
259
120
225
235
45
162
63
155
7
179
26
162
68
238
5
102
220
112
217
60
198
73
209
267
191
262
176
309
146
164
22
23
118
301
283
100
234
236
79
268
90
302
94
308
182
203
46
228
77
224
47
206
307
121
241
54
230
168
80
205
210
82
297
143
53
244
62
174
11
159
67
155
13
216
103
101
193
50
209
19
111
217
48
240
143
307
133
249
79
216
22
28
224
53
213
40
205
45
213
9
7
151
10
13
15
6
100
109
215
64
154
5
106
203
300
130
231
46
212
83
221
56
238
54
193
153
165
292
97
208
82
214
113
14
131
134
300
303
133
239
51
212
45
144
302
98
110
240
60
179
87
250
94
246
111
113
244
122
105
7
140
311
109
211
47
140
10
0
209
106
252
254
112
113
256
248
57
144
265
201
103
256
103
10
111
260
175
74
208
98
228
123
28
118
273
74
159
309
203
285
95
3
117
128
261
263
113
229
121
251
105
247
107
127
245
61
223
53
207
14
114
261
172
151
15
204
6
108
243
36
129
280
122
260
205
267
179
90
94
210
211
86
206
258
90
211
65
239
52
45
208
103
86
298
201
105
225
56
62
209
81
214
101
278
78
249
83
276
101
109
7
150
66
265
190
31
207
284
196
183
89
298
161
24
187
87
227
220
88
102
246
54
239
92
198
288
154
244
242
51
151
293
198
257
307
131
42
219
40
220
41
210
32
130
295
127
241
238
112
15
167
252
93
197
266
207
59
229
116
21
120
298
134
302
101
247
114
99
301
206
39
204
67
237
109
94
236
51
237
46
235
118
259
196
288
79
184
180
8
104
255
115
271
140
240
236
53
203
261
74
165
147
56
244
83
179
203
6
138
0
208
41
215
89
273
90
228
52
50
137
242
102
101
214
110
221
121
116
245
125
252
61
66
153
259
73
179
221
108
264
138
248
246
68
209
111
127
308
97
227
64
226
105
290
109
208
54
232
50
238
237
113
121
269
116
231
243
117
220
36
154
264
175
306
103
209
110
314
212
10
146
19
109
256
120
229
37
209
69
159
64
210
208
262
210
72
60
207
51
226
42
17
154
208
275
190
192
98
250
123
284
203
103
297
171
27
38
213
79
84
271
204
27
169
171
63
261
158
10
152
57
229
69
206
302
204
9
179
269
70
170
57
222
108
292
209
95
208
80
267
277
87
219
96
232
114
214
40
206
21
192
257
63
168
61
247
59
214
96
188
70
85
100
8
216
108
244
108
108
233
51
223
57
56
207
107
101
254
80
216
88
272
79
266
151
58
241
107
227
46
197
100
227
101
206
261
279
76
264
136
53
139
121
31
170
311
105
284
97
0
132
132
44
32
126
134
49
204
32
36
126
116
237
88
289
163
264
292
106
209
24
115
218
98
212
267
264
205
106
229
233
106
255
269
68
228
127
34
173
186
43
234
292
124
286
255
124
141
305
157
36
176
81
271
68
253
90
236
76
275
73
84
88
234
78
235
122
249
154
267
152
15
127
298
137
256
125
119
23
158
293
167
292
289
94
184
211
34
24
128
254
68
174
313
97
291
193
86
256
257
107
250
64
71
246
51
206
294
96
237
59
208
33
205
282
100
216
85
247
73
276
205
90
233
49
240
117
255
106
236
139
37
36
131
285
110
229
109
127
142
312
182
57
51
235
94
211
280
101
235
109
255
133
54
212
32
216
106
221
42
127
234
115
240
69
237
86
85
173
14
119
110
210
170
80
177
161
70
83
174
177
63
208
303
136
4
116
219
108
10
100
204
297
90
220
30
226
63
255
70
211
66
167
80
223
85
