41
206
34
121
114
16
116
13
154
290
207
101
309
199
196
281
80
287
125
39
184
78
217
106
199
97
253
123
19
186
279
93
283
78
227
67
256
169
264
129
38
135
50
138
56
207
107
114
254
253
60
60
247
63
67
80
178
264
63
148
2
104
203
33
225
105
242
55
193
165
74
235
81
231
115
230
233
115
256
129
43
224
34
216
193
88
106
240
234
137
141
309
125
119
221
231
53
206
212
14
108
212
191
48
141
304
137
242
121
26
168
80
270
200
281
207
49
138
57
66
248
85
217
50
212
205
30
119
271
82
212
205
9
101
106
215
77
246
52
244
51
30
125
121
125
257
104
208
48
228
217
108
243
242
101
218
116
114
256
63
230
92
307
97
293
94
199
293
85
95
226
60
209
265
186
81
245
55
138
306
145
120
259
175
86
224
112
262
172
77
223
85
261
131
283
125
135
115
253
261
65
214
35
126
277
286
149
56
141
63
209
83
173
305
248
96
182
271
209
311
134
36
205
107
92
181
177
5
105
108
236
51
192
88
299
197
76
227
48
226
53
239
55
207
83
206
6
162
73
251
251
114
224
110
208
76
210
87
245
83
225
60
138
156
53
146
164
25
189
33
21
177
306
303
92
304
207
59
247
94
283
77
73
263
135
43
207
287
99
285
9
144
57
155
67
220
74
210
206
42
205
269
163
27
122
20
30
169
159
60
220
105
197
278
74
225
107
239
122
116
224
38
222
96
203
304
308
96
224
40
221
92
250
144
11
262
140
309
238
102
229
100
215
208
65
248
93
187
94
313
311
171
21
163
166
61
143
262
72
273
181
76
248
71
74
209
50
211
82
210
304
119
223
87
271
116
258
78
264
158
262
188
45
233
91
301
305
156
73
182
39
18
117
23
130
35
210
84
298
302
200
298
133
284
100
245
101
290
156
67
244
117
253
80
248
57
219
62
64
263
121
27
180
188
34
124
276
308
141
50
147
259
115
25
112
253
95
190
73
197
214
44
141
8
203
264
140
4
239
97
297
235
69
251
113
219
88
97
312
145
68
239
73
272
189
157
8
156
20
157
270
264
148
15
154
155
73
84
182
12
104
112
299
29
207
56
243
112
218
113
223
84
239
304
123
26
167
76
173
79
246
55
217
111
291
202
46
207
22
112
26
165
14
119
220
70
271
80
77
166
305
274
75
253
290
136
254
254
100
121
18
159
23
190
192
68
216
60
260
122
259
206
78
215
85
278
129
39
187
45
160
71
238
75
212
105
253
128
294
127
286
81
244
66
261
209
86
182
10
111
253
101
289
85
282
195
294
112
246
57
136
288
106
225
42
133
311
206
45
49
234
46
222
90
302
174
48
233
55
60
162
22
38
131
39
216
116
230
46
231
243
76
225
41
229
114
107
105
249
74
282
282
96
190
32
24
302
131
44
30
311
201
210
262
134
57
231
48
236
56
224
104
209
99
314
95
211
111
209
103
84
174
313
206
33
24
185
178
175
69
160
18
112
211
56
194
83
233
61
60
179
83
91
306
201
3
150
32
130
128
40
310
141
2
98
250
124
288
313
137
126
289
291
125
144
52
56
248
82
219
105
213
11
165
263
148
240
129
302
132
280
203
46
238
62
54
246
254
84
285
194
27
124
123
279
89
212
98
203
309
97
105
232
82
71
209
100
221
67
224
232
43
131
119
221
93
309
106
242
125
33
154
185
89
181
203
206
263
110
223
38
217
58
63
220
93
227
102
110
121
260
86
297
133
37
14
147
61
161
10
214
82
222
220
54
225
103
256
116
117
218
98
286
100
281
104
10
105
202
261
126
241
107
254
255
108
231
223
26
176
78
288
259
116
14
150
8
201
224
100
202
286
233
46
205
3
138
308
139
273
176
85
80
82
251
116
28
209
199
101
313
202
263
265
198
180
82
233
111
17
113
123
260
66
264
156
255
160
58
207
283
95
187
91
86
275
200
289
161
158
68
156
162
48
233
72
232
130
261
81
246
98
219
52
232
51
143
62
208
16
110
96
0
152
8
207
33
134
307
139
7
99
233
108
111
128
313
146
12
109
95
248
108
254
62
78
210
97
255
89
240
113
228
234
43
227
283
76
183
212
36
223
48
59
157
69
52
245
58
249
59
250
111
226
122
253
278
204
306
143
47
210
88
236
103
204
53
240
121
25
205
265
164
68
152
29
165
177
165
24
119
24
123
30
153
33
28
243
59
246
120
257
119
259
128
119
248
131
38
35
207
23
164
78
186
261
200
194
36
128
140
46
148
208
102
206
304
201
0
6
102
107
257
187
80
247
95
91
231
79
172
65
262
208
78
166
300
106
254
126
288
298
161
313
269
87
236
124
127
32
184
80
210
21
122
247
68
68
262
205
84
89
175
304
87
180
269
83
168
60
76
232
48
234
84
222
30
28
36
155
20
172
270
264
188
219
83
70
208
85
252
256
59
252
247
110
92
215
33
197
98
288
198
206
43
134
257
117
118
236
233
52
65
223
41
211
55
246
89
94
294
85
250
77
249
80
80
219
65
61
252
112
212
311
127
40
133
118
256
93
189
214
224
53
243
102
313
100
203
105
112
212
4
144
56
145
0
144
311
96
231
59
223
94
239
53
144
129
301
104
235
240
90
232
99
103
314
205
153
156
66
155
221
103
115
103
238
2
149
12
143
257
194
97
193
212
219
44
210
39
129
312
151
267
202
106
291
98
254
77
287
79
86
296
91
241
241
71
268
115
123
258
161
157
39
132
53
40
51
222
50
236
97
268
211
214
50
138
264
213
32
39
222
74
273
91
280
279
130
146
242
67
48
129
29
170
177
64
153
12
147
66
161
246
78
279
201
14
123
17
23
115
27
1
137
146
1
204
269
167
60
157
22
171
159
21
123
122
283
191
35
222
70
231
99
204
272
140
147
249
75
250
93
240
108
124
260
119
245
69
237
110
294
105
115
219
27
166
58
255
251
99
197
43
136
251
61
211
86
237
104
217
19
155
291
202
88
186
75
88
182
169
310
92
224
84
177
2
147
3
203
6
14
148
49
142
9
188
18
240
108
218
71
79
235
83
296
100
191
95
86
208
189
47
238
279
212
76
202
38
125
24
126
111
234
70
239
13
108
6
275
120
20
162
42
220
65
236
239
48
139
150
62
247
57
247
54
215
76
264
141
62
223
227
58
53
40
227
59
139
0
138
307
95
102
288
201
32
202
273
280
279
189
81
282
131
252
60
247
81
217
110
101
193
288
194
44
187
193
99
91
196
269
160
21
190
284
208
102
88
249
127
134
312
96
310
202
220
73
227
89
243
33
204
10
142
156
33
129
132
305
91
228
282
129
111
247
55
226
73
88
252
164
76
277
72
269
262
206
162
21
24
177
28
119
277
78
216
203
54
237
87
215
74
229
277
312
111
121
24
23
122
254
97
226
230
109
11
154
138
51
70
206
47
208
190
260
135
286
85
262
148
165
80
267
70
66
174
164
161
23
160
148
69
253
94
245
147
263
63
222
218
102
89
301
305
103
255
102
228
42
52
238
83
77
260
139
6
204
41
132
274
275
119
104
210
171
82
89
241
232
75
210
31
127
260
165
170
297
87
246
58
51
211
211
105
94
232
84
69
243
114
217
107
212
52
246
64
146
312
102
222
118
261
173
0
148
1
99
304
90
290
295
81
195
264
146
198
284
192
264
182
59
137
305
138
4
144
12
309
179
31
151
66
262
162
63
56
247
96
279
201
96
89
228
64
258
150
9
46
220
113
258
158
307
179
268
207
76
272
266
204
51
140
302
165
76
250
57
218
63
154
261
209
52
166
9
142
130
126
38
155
58
140
310
90
241
98
200
299
294
84
291
81
219
107
209
76
174
161
282
194
198
294
286
97
300
150
6
148
4
307
94
190
262
203
37
224
76
235
246
95
295
303
98
234
83
257
67
146
146
51
135
312
92
211
83
100
3
145
14
169
79
257
129
146
61
151
8
114
222
65
73
274
120
22
203
290
104
91
208
109
209
98
194
212
113
25
162
14
147
64
174
272
205
28
196
59
148
55
230
233
43
54
210
93
191
204
34
123
147
60
258
121
255
146
55
63
156
37
209
36
126
43
203
30
31
21
114
266
264
108
294
235
110
219
213
107
255
151
65
209
276
74
80
211
215
35
206
45
130
255
99
87
301
298
110
217
100
0
99
106
123
308
136
137
314
203
39
182
261
67
183
87
222
67
153
303
121
36
42
184
193
90
277
117
24
166
190
98
83
250
89
274
81
278
202
292
83
60
170
159
19
112
256
83
174
3
97
221
111
256
105
218
91
214
33
206
108
238
143
63
201
274
193
283
281
202
42
203
89
257
66
208
69
154
13
240
236
127
108
15
264
138
263
88
228
75
81
230
88
178
59
235
239
110
210
300
135
153
58
248
103
1
102
205
17
112
109
212
38
196
81
238
55
241
51
243
127
285
79
238
124
43
130
292
105
252
243
131
34
203
36
165
78
267
96
185
43
225
46
219
59
171
83
180
217
99
194
45
224
48
207
212
31
126
257
162
149
159
34
213
206
286
123
249
62
40
229
87
211
261
127
111
220
111
301
116
252
83
285
207
261
210
34
126
295
201
301
207
213
61
61
224
85
201
98
224
83
230
59
69
247
58
142
274
192
24
186
43
226
112
221
88
81
233
85
98
310
95
305
282
192
156
70
229
79
87
214
97
235
44
232
61
206
48
136
313
306
97
198
298
88
244
53
241
73
158
57
209
108
249
129
135
293
211
35
213
199
76
279
197
267
296
132
51
236
78
214
264
198
266
182
37
130
27
120
301
103
104
250
146
147
59
229
115
242
82
80
217
103
291
245
65
152
247
65
52
235
53
165
212
43
29
206
92
198
147
22
127
262
107
207
40
215
37
123
262
175
143
8
101
230
49
206
205
44
228
110
131
284
97
4
267
201
265
207
42
185
276
184
263
200
96
5
137
3
106
211
263
133
1
95
309
161
72
59
241
81
213
98
232
66
246
72
230
47
145
313
148
159
42
233
112
213
56
220
13
144
66
206
208
68
266
193
291
205
88
218
109
217
69
272
185
91
199
202
264
161
260
211
59
73
259
92
227
39
134
281
130
301
206
285
279
200
286
121
236
69
223
45
129
262
170
18
128
32
50
240
314
145
141
310
269
166
73
230
48
211
271
100
211
106
212
94
301
135
44
54
58
205
106
205
204
40
138
62
229
90
210
200
2
153
69
233
64
175
256
87
213
213
107
100
225
222
118
130
294
126
234
68
270
71
232
124
32
157
64
225
58
145
52
140
6
234
45
229
117
103
5
263
132
257
112
266
170
159
24
25
117
21
24
120
140
5
179
74
163
206
270
202
288
113
11
103
207
71
271
74
174
87
104
219
94
107
201
37
206
291
104
87
243
53
227
223
107
214
77
167
75
224
223
115
101
5
150
69
75
262
199
32
206
93
82
213
84
251
85
273
282
199
264
145
134
232
104
256
85
212
90
225
214
68
235
308
140
263
211
99
295
87
260
108
295
177
85
91
200
187
93
291
199
184
89
303
201
17
18
125
256
64
80
282
99
199
302
90
252
308
201
305
205
95
225
38
132
149
265
210
77
273
278
89
249
79
210
73
159
181
26
119
127
258
122
31
128
33
11
142
246
51
35
9
108
214
80
68
226
69
231
106
5
154
21
192
100
198
93
235
298
205
286
288
209
40
179
262
63
71
210
102
8
313
203
45
227
213
97
2
211
265
205
169
17
24
35
179
265
77
88
250
107
236
304
122
273
70
74
159
67
165
73
66
203
296
112
222
59
141
125
244
82
291
128
300
3
99
228
45
135
310
142
313
17
145
134
47
141
259
107
12
240
73
57
235
136
261
122
22
119
135
151
249
70
150
252
72
210
280
76
156
2
133
262
159
249
118
31
220
81
289
77
247
132
41
224
80
163
262
152
211
262
173
168
294
39
49
238
53
142
55
220
91
237
94
277
91
304
94
185
79
291
87
253
92
277
209
93
269
205
18
110
3
101
97
287
87
239
66
170
296
206
306
90
86
91
85
85
287
203
205
38
219
112
3
136
253
161
71
216
66
225
91
81
263
211
85
179
16
113
215
219
58
39
229
42
137
208
107
282
98
196
103
4
105
206
89
298
90
243
233
68
231
82
237
57
240
62
257
250
114
128
248
90
242
68
154
67
264
71
68
245
54
240
227
116
250
140
131
262
135
30
206
109
17
158
295
101
6
155
293
201
79
250
112
231
97
89
216
57
206
264
89
300
171
81
209
89
174
16
144
54
212
206
58
72
209
216
90
294
87
178
71
187
265
260
105
9
303
174
33
126
124
261
199
102
113
101
196
99
230
78
285
0
135
26
207
85
181
87
252
140
9
10
158
252
86
301
163
62
246
255
123
256
159
308
94
305
92
189
275
87
272
203
208
28
169
77
170
308
132
261
1
114
246
103
276
145
144
49
138
254
73
216
103
231
45
204
292
85
71
79
253
59
53
229
47
205
299
149
264
180
14
155
60
148
314
101
83
222
218
95
219
108
257
171
69
218
54
143
162
75
85
271
188
16
107
210
92
279
81
288
261
146
49
223
98
194
182
35
26
163
20
201
294
167
68
210
66
218
16
169
21
157
68
153
12
108
253
77
208
63
52
46
231
42
209
55
240
55
249
96
209
108
8
105
313
115
267
183
96
202
307
108
247
116
304
303
119
133
143
11
208
83
232
230
42
213
102
239
49
220
35
202
104
102
254
166
14
105
212
91
262
210
81
281
144
50
228
232
46
211
29
127
256
192
95
186
12
160
294
81
216
115
216
48
204
18
156
54
238
87
69
269
117
273
86
178
168
19
113
9
159
17
166
170
84
273
187
16
158
170
31
206
259
117
249
72
279
293
105
255
135
46
15
146
63
242
51
240
64
243
91
247
78
274
116
20
189
206
87
226
226
101
98
230
107
94
106
12
205
208
111
255
87
264
175
204
50
245
56
223
225
73
242
52
208
268
185
92
105
209
193
286
195
271
284
147
17
171
18
130
36
179
72
207
70
224
95
234
85
191
181
73
243
100
253
143
12
8
139
47
236
237
73
261
197
284
231
62
209
159
22
161
211
75
213
9
204
100
195
205
99
219
111
248
123
43
132
27
28
124
311
204
282
94
275
10
160
298
117
250
186
13
207
44
208
61
252
99
98
312
98
191
34
221
103
6
97
95
208
58
251
90
203
31
207
42
208
56
246
251
105
203
259
120
225
235
45
142
136
140
7
179
26
149
58
238
5
102
220
112
229
65
153
73
209
267
212
262
195
56
146
164
22
121
118
292
283
100
302
236
79
268
203
302
307
93
188
193
46
228
77
224
47
139
307
121
118
269
96
284
80
206
84
212
297
202
192
86
225
37
218
61
153
155
13
210
103
307
144
154
144
55
227
217
48
214
16
173
77
279
79
245
156
209
221
53
168
56
233
45
126
313
7
151
10
13
14
156
153
138
48
141
129
258
106
203
300
118
237
48
212
83
294
97
248
100
193
153
165
292
98
208
82
227
113
253
134
134
300
304
133
38
33
212
45
236
249
98
110
209
60
234
87
299
94
246
111
215
22
241
105
7
152
224
109
211
154
62
171
32
209
106
252
254
101
113
256
248
63
229
67
248
106
256
110
14
111
218
175
74
208
67
260
175
28
118
25
116
133
306
203
285
95
304
177
35
131
263
176
229
126
112
9
103
224
64
226
61
148
155
15
117
114
213
103
215
107
204
265
146
237
299
129
280
194
260
205
267
186
94
312
210
80
220
83
181
90
214
113
239
119
27
202
103
86
298
201
105
289
283
83
209
104
97
101
194
78
249
116
276
226
109
7
150
66
265
190
67
204
31
196
97
212
299
297
82
187
141
10
184
88
224
117
278
188
92
308
13
113
244
92
220
22
156
191
257
159
44
204
219
40
220
103
218
40
130
295
32
122
244
112
15
167
306
93
197
102
207
52
222
116
114
214
41
134
302
136
143
311
7
103
206
39
204
103
237
109
97
233
51
237
46
235
118
18
161
208
71
226
278
258
170
255
115
217
64
51
166
53
203
261
74
238
51
50
235
295
112
14
109
251
55
207
41
215
89
179
90
228
52
50
140
301
92
101
214
110
222
228
79
240
125
252
89
182
208
264
73
236
242
91
224
74
248
250
80
231
111
105
310
97
208
39
226
105
111
109
208
57
232
67
82
247
113
121
227
95
231
238
117
220
26
150
264
173
72
68
248
102
256
148
3
146
19
109
256
120
21
283
209
166
293
82
210
269
280
147
139
53
207
51
226
42
17
154
245
57
69
205
98
250
106
277
203
103
198
171
24
38
213
79
282
271
198
153
17
151
63
261
117
251
152
11
242
69
206
302
204
274
179
269
70
166
57
244
234
44
209
95
229
80
289
277
87
219
96
302
115
214
205
309
90
98
252
63
236
61
247
59
214
96
188
77
290
100
205
216
108
291
135
49
131
118
228
101
270
86
229
121
308
236
300
88
232
116
8
141
32
177
270
274
212
46
216
214
112
268
306
236
76
71
245
55
237
305
174
179
91
303
311
97
0
1
132
35
32
126
133
49
204
206
36
124
259
110
257
257
124
258
117
106
292
14
114
97
266
212
267
74
212
106
6
312
106
210
75
68
155
127
34
173
172
82
234
292
124
40
230
234
141
292
201
36
176
81
204
281
76
270
161
76
275
73
177
71
234
51
235
122
224
113
264
152
10
292
127
137
256
104
119
23
158
173
61
246
234
94
206
44
34
24
191
254
68
265
193
99
91
210
86
256
257
121
249
64
152
246
60
206
294
96
237
59
208
33
205
104
215
210
85
293
129
300
201
309
167
149
68
150
245
106
235
123
29
36
131
297
110
229
109
257
142
312
143
190
87
194
94
107
11
147
310
126
259
134
52
216
32
208
106
234
42
127
253
61
225
87
251
86
85
221
78
161
59
152
170
80
177
161
70
265
174
177
63
208
41
136
256
60
221
219
71
208
92
271
96
220
108
226
63
255
70
274
16
167
80
223
101
