41
230
34
121
110
20
23
13
154
209
284
101
286
199
196
281
80
287
125
110
261
78
217
106
292
97
281
123
19
186
92
93
281
78
227
67
152
169
264
129
38
135
50
243
199
207
277
93
254
253
60
60
247
63
192
259
90
271
266
148
2
101
194
214
288
232
242
55
67
165
8
180
181
5
115
230
226
115
256
204
43
224
34
216
96
88
194
238
144
163
147
309
133
119
221
231
53
192
214
209
108
212
139
48
141
304
35
123
121
23
227
80
270
200
281
207
49
138
57
236
235
85
183
213
23
161
30
119
251
82
295
205
9
101
106
280
77
161
52
227
131
30
125
303
115
257
104
134
48
228
217
108
238
120
101
218
109
114
256
63
230
92
309
145
298
93
199
293
85
95
226
60
209
265
186
81
258
150
138
59
247
120
26
205
86
224
118
262
172
77
236
85
261
122
36
50
135
2
306
168
65
177
35
126
125
285
216
56
141
63
209
52
174
257
184
44
129
271
203
47
135
293
205
22
203
276
177
5
105
108
209
51
192
96
102
207
76
239
48
131
53
239
55
80
83
206
6
162
73
251
251
114
224
110
208
76
210
87
290
83
259
286
162
156
146
146
242
66
189
33
187
201
306
104
92
195
94
305
247
94
283
87
211
24
135
43
207
269
99
247
98
241
19
208
67
62
74
264
206
42
204
196
163
27
122
20
161
169
159
62
220
105
302
173
74
225
65
239
125
283
224
38
222
96
193
304
308
98
196
40
221
86
239
144
11
46
140
7
113
230
96
100
4
208
65
248
93
187
202
104
286
171
21
15
166
61
143
185
72
273
181
76
248
71
74
239
50
194
296
210
109
215
20
118
271
123
136
152
264
158
250
140
45
233
235
105
305
156
167
213
39
18
117
23
178
35
189
84
298
302
133
140
133
284
294
283
101
290
156
67
234
117
287
95
248
57
11
166
146
6
121
27
180
188
27
124
302
308
141
1
147
127
287
93
112
247
95
190
73
278
181
43
141
257
117
265
140
4
282
95
296
235
69
271
293
219
116
101
312
145
122
239
73
213
7
157
245
156
20
157
189
43
154
15
264
178
73
84
182
12
104
217
299
209
207
104
243
112
218
113
223
92
287
310
123
26
167
76
173
80
245
55
217
101
305
202
31
207
314
210
26
165
232
119
248
70
215
80
77
166
181
274
75
253
131
255
137
255
99
203
18
159
8
207
177
68
216
167
262
122
285
206
78
230
288
278
129
39
187
226
87
248
238
75
212
105
112
214
294
127
309
101
244
66
261
209
7
208
228
111
253
101
205
83
282
195
259
112
246
57
83
232
119
225
39
133
311
206
45
43
234
59
186
90
302
138
43
195
18
153
162
22
38
131
39
216
76
230
51
234
243
76
225
41
229
114
107
104
249
74
275
282
96
190
32
117
131
300
126
27
111
223
207
262
134
7
231
48
177
85
224
104
294
293
201
192
96
111
209
103
84
197
71
206
33
28
20
190
262
69
160
18
112
99
213
76
83
233
61
75
167
270
90
211
314
3
150
37
130
128
33
310
141
2
98
246
124
288
313
137
126
253
263
125
23
52
245
246
82
219
105
213
289
304
310
148
240
85
302
132
280
203
46
238
227
53
246
248
84
285
194
27
281
123
279
89
212
106
203
270
255
86
232
82
71
222
100
221
67
224
233
43
131
47
221
93
194
18
14
125
254
194
185
89
181
34
26
150
151
170
55
217
58
63
220
93
227
102
248
62
260
86
251
133
28
123
147
61
147
37
41
200
93
220
97
225
103
256
116
113
304
98
286
73
74
104
10
105
202
292
126
308
107
121
255
108
88
223
119
176
78
288
127
261
14
150
8
125
307
100
195
198
233
46
46
9
9
308
200
273
77
293
213
102
251
116
28
208
199
101
5
202
195
265
198
99
246
233
111
17
9
123
135
131
264
163
255
186
39
207
17
15
187
91
290
78
74
214
221
68
265
156
178
29
221
72
236
309
261
81
247
98
278
118
19
51
229
62
36
217
110
96
0
144
142
211
33
134
307
139
55
185
22
108
16
15
5
146
12
227
98
248
108
254
62
78
210
66
77
89
240
113
241
234
122
246
283
285
276
212
36
223
71
192
255
69
52
236
58
249
110
250
60
230
122
255
60
204
306
135
47
210
104
236
103
204
93
240
121
25
205
265
260
68
152
29
37
177
165
24
130
262
123
30
153
150
28
202
59
151
163
12
119
259
250
119
8
183
38
35
217
194
277
78
186
261
200
194
36
128
207
50
219
222
102
206
36
201
9
6
3
107
276
191
80
247
79
91
231
79
172
65
262
208
78
202
300
144
275
126
135
298
114
247
179
58
247
152
34
32
174
80
220
12
122
247
68
201
262
193
84
273
101
304
87
180
218
83
168
223
65
232
48
234
84
223
198
28
19
155
20
269
270
212
188
52
53
54
208
85
252
58
59
252
247
110
92
215
33
197
82
288
290
225
43
165
257
117
286
127
233
52
44
223
41
211
55
246
246
186
84
299
265
77
249
80
80
162
65
254
252
112
129
311
127
40
133
258
270
93
181
214
36
53
233
110
313
100
111
251
112
212
264
144
15
145
0
92
311
96
207
55
223
55
239
53
37
129
301
104
235
302
107
239
103
103
314
205
181
156
66
155
227
103
115
244
111
2
149
12
143
279
194
266
79
212
51
129
29
39
129
25
151
267
210
106
291
85
206
77
287
79
199
186
91
79
241
71
268
129
123
258
160
170
39
132
53
242
97
222
60
236
97
104
211
207
50
159
42
145
41
39
157
74
273
270
205
75
278
146
266
67
48
129
29
170
146
148
153
12
18
213
104
252
78
185
201
13
177
17
23
115
27
48
137
146
1
204
279
167
13
28
22
171
182
21
123
122
283
286
76
241
52
231
99
105
216
24
147
249
75
250
242
240
108
256
122
119
143
249
237
110
294
105
115
26
68
50
58
255
313
99
197
43
136
251
61
211
25
114
104
293
19
123
114
107
88
186
203
272
182
145
310
92
296
84
255
2
147
3
203
3
14
148
49
142
9
122
18
125
106
218
71
226
177
83
296
196
191
95
268
181
189
47
62
198
212
76
202
38
208
18
126
112
234
70
264
11
108
242
142
120
20
51
42
220
65
159
11
48
139
154
62
247
108
138
2
215
76
160
162
259
153
34
218
63
57
227
59
139
308
138
307
223
102
278
170
32
202
87
280
88
189
188
282
93
248
60
219
81
95
110
9
193
288
194
44
213
193
99
190
196
269
160
21
190
284
208
211
88
249
127
124
312
96
259
101
220
73
162
299
243
33
204
10
142
54
33
45
132
281
91
213
282
129
238
235
82
159
299
88
252
243
49
159
72
161
9
214
162
21
24
177
28
119
233
78
216
203
303
237
87
215
74
229
118
27
1
121
24
201
78
214
83
109
235
109
11
154
236
52
217
84
60
208
311
258
135
264
85
262
148
243
80
267
70
172
76
164
301
171
160
149
130
253
109
245
130
258
63
173
218
102
237
298
100
103
255
102
133
42
52
238
83
77
260
139
6
204
41
132
272
271
138
313
212
174
82
85
241
236
46
210
31
127
260
188
38
204
69
246
78
51
211
293
105
94
280
80
69
243
114
217
95
180
262
183
64
164
302
102
273
104
261
173
58
148
1
99
304
90
179
190
81
195
284
268
196
194
161
264
182
171
296
305
138
4
135
266
173
163
31
151
66
262
170
63
56
247
90
196
89
191
89
185
34
154
150
9
199
249
113
258
118
307
211
64
207
76
272
266
204
51
163
62
165
76
250
65
218
63
154
61
250
162
207
290
98
256
126
38
155
58
140
310
90
216
188
178
33
294
84
291
284
230
107
209
76
174
161
282
280
291
125
253
155
81
211
6
2
143
307
94
190
184
29
180
191
76
235
246
95
254
264
98
234
83
268
67
158
146
51
135
312
92
211
10
100
3
111
133
287
197
257
191
142
61
151
251
286
222
65
269
283
120
22
126
290
104
91
208
109
213
98
113
212
113
25
162
14
147
266
178
77
205
28
181
258
148
55
51
233
43
54
210
93
295
204
212
46
147
60
258
257
255
146
264
63
156
37
178
36
126
35
205
30
31
18
114
266
264
108
218
235
110
219
16
114
255
151
16
207
276
74
80
211
190
35
206
45
130
255
180
87
301
6
137
236
113
0
99
106
238
308
134
0
314
203
77
182
196
69
70
88
218
67
268
303
121
36
42
181
231
90
277
117
24
166
32
112
15
250
257
165
188
278
128
293
257
60
66
159
19
112
263
83
174
259
125
221
84
198
105
218
91
214
33
206
108
238
252
63
76
274
193
31
281
202
42
230
200
257
254
149
71
154
12
240
119
127
143
258
2
138
232
88
228
88
81
230
88
212
59
235
133
1
128
256
123
249
113
248
236
115
102
205
17
112
109
212
38
197
60
55
52
241
51
39
127
113
232
120
124
233
130
280
101
252
243
54
241
203
36
165
161
267
96
185
182
225
46
217
310
171
83
180
217
99
194
168
224
54
207
38
125
126
255
261
158
159
34
213
196
235
117
141
157
40
188
277
91
261
174
27
220
111
301
116
252
83
100
207
79
210
298
129
267
201
215
110
213
61
61
224
31
201
282
200
83
230
59
69
166
58
204
181
192
24
185
17
152
73
221
88
225
231
85
98
310
91
288
282
192
223
70
232
79
87
214
212
39
44
232
6
206
48
136
301
251
97
305
91
88
244
53
241
73
158
57
209
108
249
129
135
293
121
35
213
199
76
279
197
258
296
144
51
236
78
168
264
198
266
182
37
27
117
120
301
141
67
250
60
140
59
247
115
242
184
22
217
115
99
245
65
72
247
65
52
235
53
82
207
185
21
206
92
240
147
22
127
241
70
207
88
215
37
123
261
278
143
8
101
253
281
191
37
44
222
310
131
284
162
122
28
201
30
207
34
192
276
184
263
200
98
259
137
3
108
211
263
133
303
95
309
25
213
59
241
81
252
98
232
66
246
93
230
47
145
313
90
310
133
17
112
9
53
49
47
144
66
273
208
68
266
167
272
205
99
285
109
217
69
216
185
228
99
12
160
125
44
173
284
122
259
63
227
39
134
134
258
205
206
35
204
200
286
121
236
69
223
120
129
262
170
18
128
32
7
148
314
234
141
310
290
80
239
230
48
211
266
100
211
106
246
123
301
135
153
63
247
239
106
205
216
40
138
62
199
90
296
200
2
153
164
145
65
175
256
104
213
113
253
55
225
39
118
242
293
126
259
260
159
71
232
124
32
201
37
225
58
145
52
140
58
253
57
34
117
103
242
263
132
257
112
266
153
159
22
25
171
157
24
36
140
52
226
74
61
206
278
118
16
141
11
103
231
71
157
74
174
87
103
219
94
248
201
302
206
291
104
87
243
147
59
223
94
214
77
175
59
231
223
115
254
127
159
69
257
262
135
32
206
65
82
213
84
249
85
273
196
199
262
145
134
233
112
277
85
212
93
225
176
68
269
135
253
263
211
99
307
87
234
108
220
83
85
236
29
218
288
209
199
184
89
250
201
11
156
146
256
64
80
292
99
199
302
90
252
301
201
312
306
95
225
29
204
94
265
177
74
285
93
89
249
79
210
70
164
167
26
124
24
258
122
225
128
33
53
142
246
51
200
9
108
214
80
68
226
278
191
93
302
177
177
192
100
198
93
284
103
112
286
289
209
40
160
75
63
224
210
310
8
12
203
41
161
213
106
269
211
30
175
169
30
196
35
199
263
188
88
250
107
115
302
122
273
70
267
249
61
165
73
66
203
296
112
222
59
248
125
244
82
291
128
300
115
116
228
45
135
310
142
313
17
145
234
47
141
258
107
9
270
73
79
289
136
261
122
22
119
9
151
249
86
197
252
72
210
92
76
214
57
133
262
109
19
118
31
220
81
282
77
247
132
40
224
48
163
12
289
211
262
128
27
221
39
201
238
53
165
55
204
64
252
94
250
129
306
94
185
79
291
122
21
129
32
308
93
309
205
18
110
243
101
97
287
87
239
149
300
296
206
306
130
304
206
63
253
163
203
307
148
132
112
3
136
253
161
71
216
66
225
225
81
263
211
85
179
16
113
20
222
58
39
124
42
39
135
117
282
98
196
103
4
102
256
89
298
126
243
233
68
231
223
211
57
240
62
257
250
114
120
248
90
242
68
148
67
264
206
68
245
53
61
244
250
256
140
146
152
135
49
206
106
17
129
313
101
6
155
260
180
79
282
112
231
104
95
214
203
206
108
217
300
171
81
209
89
172
16
153
13
205
300
153
71
209
78
90
223
87
288
85
194
265
260
146
9
22
174
33
126
124
261
0
102
113
225
224
99
230
100
285
147
135
301
258
85
181
87
192
282
310
10
158
252
86
226
163
62
241
116
123
143
4
308
142
253
92
189
89
87
272
203
27
28
193
77
170
258
132
48
1
114
246
187
45
145
311
122
138
254
73
216
109
231
58
221
292
85
276
79
253
199
61
229
45
205
152
141
266
215
14
155
60
148
110
209
83
222
11
251
129
108
249
244
69
218
54
149
161
20
276
271
143
16
107
210
92
177
81
285
261
146
62
233
98
194
182
191
26
163
19
201
80
167
32
210
217
147
16
3
120
247
68
153
12
60
253
77
266
122
142
46
35
204
214
53
240
105
249
96
292
108
4
105
288
206
84
183
96
202
35
150
252
96
304
257
119
259
143
11
208
291
301
208
40
213
151
239
49
220
210
208
210
145
254
166
204
105
212
91
99
8
24
63
144
65
228
42
46
219
162
112
256
263
95
186
12
130
294
306
216
115
216
48
204
18
112
311
238
87
69
260
203
273
86
271
168
156
21
134
26
17
166
175
82
92
187
77
158
10
1
201
259
117
249
72
244
212
105
255
135
303
15
146
63
242
51
233
64
243
91
243
78
261
121
15
237
206
87
226
118
33
118
230
79
94
106
12
205
10
111
255
87
264
175
230
50
245
56
58
225
50
242
52
208
188
224
92
309
204
193
24
195
283
143
147
17
171
257
130
41
166
302
207
70
184
95
234
85
167
181
73
244
100
253
232
45
215
187
47
235
208
73
261
197
305
145
56
63
159
22
161
214
75
213
56
204
100
195
271
93
219
111
248
123
43
193
27
28
124
3
1
282
94
103
10
160
298
117
19
120
224
207
44
208
61
67
257
140
312
98
209
34
221
105
6
148
285
258
58
251
90
200
34
207
42
227
56
179
15
105
203
16
114
258
235
45
41
14
155
7
180
26
149
68
238
104
102
220
112
229
231
153
66
209
267
191
262
174
56
146
164
22
23
118
101
208
100
110
236
79
268
203
302
94
308
184
193
43
228
59
224
47
206
270
121
297
209
158
284
80
93
309
212
297
198
192
86
249
158
38
159
71
155
1
216
103
307
144
68
144
55
40
217
48
210
219
61
77
279
79
216
137
311
139
53
213
72
205
45
126
232
7
151
10
187
14
6
100
291
48
141
129
258
106
203
300
118
237
130
277
83
211
97
249
100
5
296
165
292
283
77
82
227
113
253
107
134
300
304
133
38
51
212
45
144
249
98
96
240
60
169
311
299
94
246
111
25
24
6
105
7
152
129
109
211
47
62
171
32
209
106
252
254
101
118
256
248
57
179
67
248
106
256
103
10
111
260
282
74
208
67
228
123
28
118
25
0
133
265
203
285
203
93
177
35
264
263
113
124
126
112
8
103
252
129
245
61
248
155
15
117
114
213
263
66
15
204
265
108
301
36
129
252
194
260
205
88
186
94
94
229
72
220
66
238
90
214
113
239
119
27
208
103
257
298
201
105
99
283
83
209
81
279
101
104
78
249
83
276
121
109
131
150
66
265
190
67
204
199
196
97
212
168
297
82
187
26
220
184
88
224
62
259
185
92
308
157
130
309
104
240
22
111
128
257
159
306
204
219
40
220
41
122
32
206
295
127
103
244
112
15
211
79
93
197
265
207
52
157
150
21
120
41
134
302
136
247
251
245
301
206
39
204
103
237
109
97
239
51
221
46
235
118
272
263
208
79
184
180
258
104
2
115
271
113
309
144
53
179
261
74
196
236
56
244
83
266
14
117
251
55
208
41
215
89
179
90
228
52
50
137
242
117
101
214
110
222
99
116
107
125
252
89
182
153
264
73
179
83
91
245
74
248
250
80
231
111
19
308
97
227
39
224
105
290
109
208
57
232
168
29
252
113
121
269
116
231
240
117
220
265
150
264
173
220
68
239
102
9
148
3
146
19
109
256
120
222
195
209
69
72
64
218
208
13
147
59
209
158
269
226
42
17
154
243
57
226
192
98
250
256
277
203
97
8
171
27
139
213
79
176
271
198
154
17
151
150
261
117
22
152
57
229
69
206
302
204
9
179
269
70
166
57
222
220
40
209
87
282
80
269
277
87
219
87
302
114
214
40
301
90
264
257
63
236
61
247
59
214
99
91
70
284
100
205
216
108
244
135
252
242
51
223
101
195
86
229
121
282
190
300
88
272
285
8
151
58
241
81
173
36
46
216
227
112
268
130
236
76
185
74
53
237
153
13
181
91
303
311
97
0
1
132
44
32
126
41
49
204
32
36
124
116
110
239
136
307
264
259
106
6
14
114
218
98
212
64
181
212
106
94
233
106
124
255
68
155
127
34
173
179
82
234
292
124
286
28
124
141
292
157
36
176
81
204
291
76
176
89
76
156
73
84
245
234
78
235
122
249
178
264
152
15
128
134
137
256
125
119
23
158
180
61
246
288
94
191
211
34
24
191
254
68
265
309
99
295
172
86
256
257
121
250
64
71
246
51
206
242
114
237
59
208
33
205
212
100
255
90
290
129
276
174
158
59
149
63
150
253
106
291
136
55
36
204
255
110
229
109
127
142
312
182
196
87
235
94
106
11
101
310
126
259
134
54
216
32
216
106
221
42
127
234
61
255
78
251
86
173
173
79
169
59
210
170
80
172
161
70
265
174
177
260
208
58
136
256
60
221
250
105
208
204
271
96
219
219
226
63
255
70
211
66
167
80
223
32
