41
206
34
128
114
16
116
13
148
67
207
101
309
201
194
281
80
287
135
40
184
78
217
106
199
96
253
156
19
186
279
75
283
78
227
67
256
169
71
180
38
40
132
138
270
207
107
294
125
253
60
60
247
63
219
80
178
71
63
148
2
104
203
36
225
105
242
55
209
165
74
235
81
231
115
230
225
115
256
129
43
224
63
216
193
289
106
240
11
6
141
309
301
119
221
231
53
203
148
14
108
212
191
48
141
304
137
260
121
26
168
80
270
200
290
207
49
138
314
129
299
85
217
50
223
223
116
119
271
176
307
205
9
103
106
215
77
246
52
244
243
30
127
23
125
257
104
208
48
48
217
108
243
242
101
218
116
114
256
63
230
92
307
97
293
94
199
293
83
95
226
60
209
265
186
81
245
55
138
306
157
217
35
175
86
224
112
262
172
77
223
85
261
131
40
125
15
115
253
74
64
214
36
126
277
286
149
56
141
63
209
83
173
64
248
96
88
296
238
311
134
36
224
107
93
212
164
5
105
0
236
51
192
88
299
197
76
229
48
226
53
239
55
207
271
206
1
162
62
251
109
117
224
110
208
76
210
87
245
83
225
60
138
289
156
15
120
29
36
160
23
177
300
303
92
304
207
59
247
94
231
77
281
263
135
43
207
287
99
288
9
144
57
155
67
220
74
210
32
188
205
269
164
27
122
20
182
270
159
60
220
105
197
278
74
225
99
239
122
28
136
24
222
96
309
303
308
96
224
40
221
92
250
144
11
153
140
309
238
102
313
100
215
208
65
248
93
187
94
313
311
171
21
134
251
61
143
245
72
273
181
76
248
71
152
166
50
241
82
250
246
54
223
87
271
116
258
78
210
289
262
188
45
233
91
301
305
156
75
182
188
18
117
23
130
35
210
84
298
302
295
298
133
284
100
245
101
290
156
67
244
87
286
80
228
57
219
62
64
257
121
27
180
25
34
124
133
308
142
50
147
259
115
257
112
253
95
92
205
280
199
311
141
8
203
264
140
8
239
4
278
88
98
251
113
219
109
97
312
205
68
239
73
273
7
157
71
156
20
157
158
264
148
15
154
166
73
195
281
91
104
8
125
29
207
56
243
112
218
113
223
84
237
304
123
26
167
76
215
79
246
55
217
102
242
237
46
207
270
203
304
165
14
104
220
70
271
85
77
166
305
274
70
84
290
135
121
254
100
122
18
159
23
190
22
201
216
92
248
122
259
206
78
215
219
42
129
39
187
45
160
71
238
75
212
105
236
128
297
124
286
81
244
66
79
209
86
183
10
111
253
101
289
85
282
195
269
112
246
57
136
303
96
225
42
133
311
206
45
49
234
46
222
90
302
174
80
233
241
60
162
22
119
131
39
216
116
230
46
227
234
67
225
41
229
227
107
105
249
74
273
282
96
190
277
229
44
129
41
128
29
201
270
262
134
291
233
48
236
56
224
104
209
99
314
110
211
111
209
219
84
174
304
206
33
212
73
179
84
69
160
18
112
211
30
194
83
233
61
70
179
83
213
32
201
3
150
9
160
258
126
312
141
2
98
250
124
306
313
147
261
126
291
305
144
60
70
248
82
219
105
213
11
164
263
148
240
16
213
196
280
203
46
238
231
54
246
254
84
285
192
27
124
276
278
89
285
98
203
309
199
105
232
80
94
283
100
223
44
224
232
43
131
120
221
93
309
97
111
125
33
154
185
89
183
38
206
263
110
223
38
217
58
50
220
93
227
103
110
240
230
86
297
133
37
14
147
61
68
219
214
82
84
220
54
225
103
256
116
112
218
98
286
100
281
103
291
295
196
261
130
241
107
254
102
108
231
242
26
176
78
166
259
116
17
150
8
98
314
100
202
105
233
46
205
3
138
308
139
273
176
85
180
82
232
116
28
188
199
101
313
202
64
265
198
80
75
233
111
17
113
123
260
66
264
156
252
254
58
207
283
95
187
91
292
275
200
201
293
158
68
156
218
48
233
72
232
92
280
81
246
98
219
52
232
51
143
313
111
16
110
96
0
152
7
207
33
134
307
139
7
99
233
108
111
128
313
146
12
110
95
248
86
254
62
78
210
97
202
89
240
113
228
234
43
227
80
76
265
177
36
223
48
165
262
211
53
245
58
249
59
250
111
226
122
253
294
204
306
143
56
210
88
236
103
204
53
240
121
25
176
265
164
73
223
29
165
61
217
17
119
24
123
30
153
33
33
243
59
246
61
257
119
259
128
119
248
131
38
27
189
23
164
78
177
262
89
194
36
128
140
46
215
208
102
206
264
201
0
6
102
120
114
248
80
247
95
280
184
79
172
65
262
169
78
166
300
85
254
126
288
298
202
263
269
87
228
110
127
32
184
94
280
21
122
247
66
68
262
205
84
255
118
304
155
180
269
83
168
77
69
232
48
234
84
208
30
124
36
155
20
115
251
82
188
178
73
70
208
85
255
137
59
252
101
198
92
215
33
193
98
288
194
206
43
134
257
117
301
115
233
70
66
223
96
211
55
246
99
87
294
85
250
77
249
80
208
219
65
72
252
91
212
311
127
40
133
118
256
93
189
66
224
53
243
102
231
47
213
105
112
212
4
144
56
145
0
144
311
96
231
59
248
57
239
53
144
129
301
104
235
240
90
232
107
10
14
205
265
152
264
155
5
21
115
248
240
2
149
12
143
262
194
97
193
88
219
44
210
294
129
312
151
267
202
1
1
98
254
77
287
79
86
296
91
241
241
71
268
115
124
258
167
157
39
132
53
145
13
240
50
236
97
268
211
214
50
138
264
178
136
39
222
74
231
91
206
279
130
28
242
58
48
129
29
195
209
64
153
12
147
18
161
287
78
279
204
25
123
17
23
115
27
148
284
99
1
171
261
207
60
157
22
10
109
21
123
131
283
191
68
222
70
231
99
204
272
287
123
249
75
228
118
220
108
13
26
119
249
69
237
110
10
105
115
219
27
166
58
255
251
99
227
43
136
251
60
211
86
237
91
217
19
155
291
202
92
186
88
88
182
302
310
92
224
84
177
2
147
3
239
6
138
136
49
142
8
202
17
240
108
218
71
79
235
83
296
100
2
95
86
208
189
47
231
64
212
76
202
289
125
24
12
111
212
70
239
125
309
91
275
120
20
162
42
220
225
62
239
48
139
150
71
247
57
247
54
215
210
264
141
62
223
227
58
226
40
227
59
139
0
138
307
95
102
288
201
23
202
273
280
74
189
81
282
131
252
60
247
81
249
87
101
193
204
209
44
187
193
99
91
196
265
160
21
190
284
208
102
85
249
127
134
312
145
310
202
207
38
227
89
78
251
143
10
142
46
33
129
132
305
91
228
38
129
111
247
55
226
73
88
252
164
76
277
72
156
262
206
162
21
24
177
28
119
277
78
216
214
54
237
87
171
74
229
101
232
111
121
29
23
122
254
97
226
230
109
11
154
138
51
215
206
47
208
264
138
295
286
85
262
150
165
80
267
70
188
75
164
161
23
20
191
69
253
94
245
147
263
111
116
218
96
89
301
200
103
255
102
228
42
52
238
83
172
260
139
6
204
41
31
125
275
119
104
210
269
82
89
241
54
73
210
33
127
260
210
169
297
87
246
58
209
262
211
105
93
232
84
69
241
114
217
107
212
52
246
64
146
312
102
222
118
257
173
0
148
298
99
218
107
204
295
199
297
264
146
296
94
192
264
182
313
137
305
138
4
144
12
314
200
151
151
66
262
149
62
56
247
96
286
195
96
232
228
64
258
150
9
38
220
113
258
158
307
179
268
184
76
272
266
204
51
140
302
165
76
251
57
218
63
154
261
209
264
166
9
142
262
126
38
155
58
140
310
237
228
98
200
294
211
84
291
81
219
107
209
76
174
75
282
194
198
294
286
97
300
150
6
148
4
306
94
190
262
203
37
224
76
255
246
95
295
160
296
234
83
210
156
65
146
51
135
312
92
211
83
100
3
145
14
169
79
257
129
245
61
151
8
114
222
84
73
274
120
22
164
290
104
91
208
109
209
98
195
213
113
25
162
265
147
64
174
260
205
28
196
59
148
55
230
233
43
54
210
93
191
204
34
211
198
60
236
121
280
146
55
142
156
37
209
36
126
43
203
261
202
21
114
266
306
108
294
128
110
219
213
107
255
151
65
209
279
188
80
211
215
35
206
298
130
130
300
87
299
127
110
217
100
0
99
309
123
310
140
137
314
203
39
128
261
67
183
87
222
67
153
303
121
36
31
184
90
90
219
117
24
166
190
98
83
250
89
237
81
278
202
292
83
273
141
158
19
112
256
82
174
3
97
221
111
256
105
218
91
214
81
206
108
237
143
63
201
274
193
283
281
202
42
204
265
257
66
208
69
154
13
154
267
282
108
227
51
137
263
88
228
65
81
230
88
204
59
233
106
110
210
300
172
213
58
248
103
245
102
205
17
112
109
212
38
244
58
238
55
241
51
243
127
285
79
238
124
42
130
292
105
252
243
121
34
26
25
165
78
246
96
185
43
225
46
219
59
171
83
180
217
99
211
45
224
48
207
212
31
126
257
162
149
14
34
177
206
286
123
228
228
40
229
87
211
261
127
35
220
111
223
115
252
83
285
207
261
210
34
126
285
201
301
166
197
199
61
224
85
221
98
224
73
238
231
69
247
58
142
160
192
24
186
43
226
112
221
88
227
233
85
98
310
143
305
282
192
182
70
229
89
304
236
44
235
44
232
61
206
48
136
313
313
97
198
298
88
244
53
219
73
227
57
209
108
249
129
283
148
48
213
39
182
76
279
197
202
296
132
51
236
78
214
87
198
266
182
37
130
27
120
247
239
120
250
63
213
51
229
115
242
82
80
217
103
309
162
65
152
247
65
52
235
50
66
212
200
5
177
88
179
184
22
127
262
107
207
40
215
111
121
30
170
181
8
105
227
49
41
205
44
228
122
131
284
97
4
308
201
265
207
42
185
276
184
263
200
96
5
137
3
106
211
263
133
1
95
309
168
72
59
197
96
213
98
232
73
246
72
230
47
145
313
43
212
42
233
112
213
56
220
13
144
66
266
208
68
266
197
291
205
36
218
109
217
69
275
185
91
176
71
154
7
262
197
91
73
259
92
227
39
134
281
130
301
206
266
279
200
286
112
236
59
223
45
129
262
170
18
115
221
50
209
314
145
141
52
213
208
73
230
48
205
271
100
255
106
212
92
301
135
44
215
58
205
106
205
55
40
208
62
229
102
292
200
62
153
69
233
64
175
256
108
213
293
107
114
225
222
118
108
242
126
234
68
270
71
159
174
32
157
64
225
120
145
52
140
57
234
45
229
99
103
5
263
132
274
186
266
149
159
24
120
18
113
26
122
140
5
179
74
163
174
65
202
288
125
11
103
207
71
271
74
174
87
89
219
94
311
201
37
206
291
104
234
243
54
227
223
107
214
77
167
75
224
224
115
238
5
150
251
75
262
202
32
206
278
82
213
84
251
85
190
282
199
264
71
253
256
104
202
85
212
90
217
214
68
147
308
140
263
212
88
238
67
260
108
295
169
68
75
200
95
190
273
201
296
89
303
201
307
122
125
256
64
223
89
99
199
277
90
252
85
200
305
206
274
225
38
132
113
265
210
77
273
183
89
249
79
210
73
267
206
26
125
127
258
120
31
128
33
11
142
246
51
141
9
108
214
80
68
226
41
231
106
5
154
263
192
100
198
288
83
94
205
31
207
209
61
255
262
161
71
210
102
8
41
203
45
227
230
97
2
151
25
205
288
160
24
35
180
265
78
88
250
107
236
305
122
273
70
74
159
67
184
73
66
203
296
112
222
59
245
125
244
82
291
128
300
4
99
207
45
135
310
142
157
17
145
134
47
141
310
107
234
240
73
61
235
136
261
109
96
201
267
114
249
70
193
208
72
210
70
278
201
2
133
262
159
249
118
31
175
81
289
77
247
132
41
224
80
163
262
152
211
262
173
168
293
234
49
238
53
142
51
220
91
307
94
277
91
304
94
185
80
291
87
253
92
277
209
93
269
205
20
110
3
101
288
87
87
239
66
170
296
206
306
92
86
247
85
231
287
203
34
155
219
112
3
136
253
62
71
216
66
213
91
188
263
211
85
241
16
113
215
219
58
224
229
42
137
2
102
282
98
196
103
4
105
206
89
298
92
243
70
235
231
82
221
57
145
62
257
113
252
111
248
90
242
68
154
67
264
79
93
245
54
240
107
116
250
258
131
262
135
31
206
109
17
158
295
101
6
155
7
164
79
250
112
231
243
107
216
57
142
264
89
82
171
81
209
89
174
264
144
54
46
206
58
72
196
280
90
78
87
208
90
187
265
202
305
99
303
174
36
32
124
261
199
102
113
213
196
99
230
78
276
311
135
264
191
95
181
87
252
140
49
10
158
180
86
301
163
62
258
118
221
223
106
308
94
305
92
189
99
87
272
203
208
28
169
76
170
60
212
261
134
285
302
199
276
145
144
49
138
254
73
216
103
237
45
204
292
85
288
79
253
59
53
229
47
205
16
149
264
184
14
155
60
148
314
239
83
222
218
95
219
108
257
171
65
218
54
143
162
75
273
271
201
16
107
210
92
279
81
75
261
146
49
223
98
194
24
35
26
163
20
201
294
167
59
154
66
218
16
169
21
157
68
153
12
108
253
77
208
63
149
46
231
42
135
55
240
61
150
67
209
108
19
202
299
115
267
183
96
202
307
123
246
116
304
303
132
13
143
11
208
83
232
230
42
213
76
239
49
132
35
202
104
102
254
166
14
105
212
167
262
210
81
273
144
50
42
232
47
218
34
127
256
192
95
186
12
160
294
109
216
115
215
48
204
18
156
54
238
87
69
269
117
273
86
178
163
13
107
9
159
17
166
170
84
272
187
16
158
306
104
206
259
117
249
72
281
92
105
255
135
46
132
147
63
222
51
240
64
243
91
247
78
274
116
20
14
207
87
226
226
101
98
230
107
11
106
12
205
208
111
255
87
264
85
204
50
233
126
44
225
73
242
52
208
268
197
92
262
209
193
286
199
271
21
147
17
171
18
130
36
179
32
207
70
224
95
234
85
189
181
73
84
100
253
117
12
3
139
47
236
236
73
276
201
284
231
62
209
159
22
161
211
75
213
9
201
100
275
205
99
219
111
280
128
43
132
262
139
124
283
79
208
94
275
74
160
298
117
250
110
109
207
44
208
61
252
99
95
312
98
191
34
221
103
195
276
95
208
58
251
90
186
30
207
42
208
56
246
94
105
203
259
120
100
235
45
142
1
140
7
179
26
149
58
139
5
102
220
112
229
65
153
9
209
267
212
262
195
56
146
13
22
121
118
23
241
98
302
236
79
268
203
302
89
93
188
47
46
228
77
226
47
139
307
121
277
272
96
284
80
206
84
295
297
99
192
86
225
37
218
61
153
5
205
210
103
307
145
154
144
55
47
221
48
214
301
173
77
279
79
245
156
73
221
53
168
76
233
45
126
26
7
151
10
156
14
216
60
138
5
30
129
258
106
244
131
118
237
48
212
83
294
89
216
100
1
148
165
69
261
208
82
227
113
249
133
134
300
304
133
38
51
212
45
236
95
246
110
209
72
179
87
299
131
295
111
114
22
241
105
7
211
217
109
211
154
62
171
32
118
106
252
254
101
113
256
248
63
229
67
248
106
295
110
14
111
218
80
74
208
67
263
175
28
118
25
116
133
306
203
285
95
304
176
35
131
263
167
293
126
112
249
103
224
64
207
61
259
155
15
117
114
213
103
215
107
204
309
146
140
299
201
280
194
261
205
267
188
94
312
210
80
220
83
181
90
214
113
239
119
27
202
302
86
298
201
105
257
293
100
209
104
243
101
195
98
249
97
114
226
109
7
150
66
265
190
67
204
100
196
97
212
109
297
82
187
141
10
184
88
224
102
278
188
92
308
104
250
244
92
183
22
156
191
257
74
190
49
219
40
220
103
218
40
130
22
32
154
244
112
13
167
306
93
197
102
207
52
222
107
114
214
41
134
302
136
143
311
7
103
206
39
204
103
241
109
96
233
51
237
46
235
246
102
214
208
71
249
253
56
170
255
115
217
64
263
187
81
203
263
74
238
51
231
235
298
112
14
106
251
262
207
41
220
89
179
90
234
52
50
140
301
99
101
214
110
222
228
79
240
56
252
89
182
211
264
73
248
242
91
224
74
246
250
80
231
110
96
310
97
208
39
226
61
214
109
208
57
232
67
246
100
113
96
227
95
231
230
117
220
26
150
264
168
81
68
248
102
195
148
3
146
19
109
255
120
21
173
209
80
293
82
210
76
280
147
139
53
207
51
226
42
139
54
245
70
69
205
98
250
123
277
203
103
198
297
130
38
213
79
282
279
198
153
17
151
63
261
191
66
152
11
162
70
206
302
204
212
178
269
70
157
57
244
234
44
188
95
229
80
205
277
87
219
96
302
115
29
205
308
4
98
252
63
236
68
247
59
214
96
188
77
199
100
205
216
108
4
135
304
131
48
228
101
270
79
229
121
308
236
300
88
243
111
8
141
7
177
270
275
212
49
55
214
160
147
306
236
76
71
245
55
237
305
205
81
164
303
311
97
0
1
132
42
32
122
133
49
204
206
36
124
259
110
257
257
111
258
117
106
292
14
113
97
266
212
210
74
212
106
6
201
106
210
75
216
50
207
34
33
172
82
234
110
210
40
230
234
141
292
201
86
176
81
251
159
163
270
161
76
275
73
261
71
234
51
245
122
226
113
11
152
10
146
1
137
7
104
119
23
23
173
61
60
234
94
206
44
204
262
62
254
68
265
193
100
91
210
29
168
257
121
249
64
152
246
60
235
294
96
237
59
208
33
205
37
215
210
85
293
129
300
201
313
167
83
68
150
245
106
235
123
29
36
210
96
110
229
109
257
142
312
202
268
87
194
283
202
11
147
279
123
37
134
52
216
96
208
106
205
292
155
254
61
225
87
251
86
85
235
57
169
175
67
170
80
177
161
70
265
189
177
63
208
46
136
256
60
221
219
71
208
92
271
96
238
107
226
63
255
70
151
16
167
54
244
101
