41
206
34
121
114
20
13
13
154
290
207
101
309
199
196
281
80
287
125
39
184
78
217
106
199
97
253
123
19
186
279
93
283
78
227
67
256
169
264
129
38
135
50
138
297
207
107
93
254
253
60
60
247
63
67
80
178
264
63
148
2
104
203
33
225
105
242
55
67
165
74
235
81
220
115
230
233
115
256
129
43
224
34
216
193
88
106
240
144
137
123
309
125
119
221
231
53
52
212
14
108
212
191
48
141
304
108
242
121
26
168
80
270
200
281
207
49
138
57
66
235
85
217
50
49
194
30
119
251
82
295
205
9
101
106
215
77
246
52
244
51
30
125
121
125
257
104
208
48
228
217
108
243
242
101
218
109
114
256
63
230
92
307
124
293
94
199
293
85
95
226
60
209
265
186
81
245
55
138
306
145
120
259
175
86
224
112
262
172
77
168
85
261
131
133
289
135
115
19
261
65
214
35
126
292
285
149
56
141
63
209
83
174
260
184
44
182
271
209
311
134
36
205
107
92
181
177
5
105
108
236
51
192
88
248
92
76
227
48
133
53
239
55
193
83
206
6
162
73
251
251
97
224
110
208
76
210
87
245
83
175
60
138
156
53
146
164
25
189
33
187
177
306
303
92
210
207
60
247
94
283
77
211
263
135
43
207
287
99
285
132
144
57
155
67
220
74
210
206
42
204
269
163
27
122
20
30
169
159
60
220
105
197
278
74
225
65
239
0
116
224
38
222
96
203
304
308
96
224
40
221
92
250
144
11
262
140
7
113
102
229
100
215
208
65
248
93
187
94
313
311
171
21
163
166
61
143
262
72
273
181
76
248
71
74
209
50
211
82
210
304
119
223
118
271
116
258
78
264
158
262
188
45
233
91
188
305
156
69
181
39
18
117
23
130
35
210
84
298
302
200
298
133
284
100
245
101
290
156
67
244
117
287
80
248
57
219
62
64
263
121
27
180
188
34
124
276
308
141
50
147
12
115
25
112
247
95
190
73
278
214
44
141
8
203
8
140
4
239
95
296
235
69
250
113
219
116
97
312
145
68
239
73
272
7
157
8
156
20
157
270
259
148
15
160
156
73
84
182
12
104
112
299
92
207
56
243
112
218
113
223
92
287
310
123
26
167
76
173
80
246
55
217
94
305
202
46
207
22
112
26
165
14
119
220
70
271
80
77
166
305
274
75
253
131
255
254
254
100
121
18
159
23
190
84
68
216
60
260
122
259
206
78
215
85
278
129
39
187
73
160
71
238
75
212
105
284
128
294
127
286
101
244
66
261
209
86
182
10
111
253
101
289
85
282
195
294
112
246
57
136
288
106
225
42
133
311
206
45
43
234
59
186
90
302
174
48
233
55
60
162
22
38
131
39
216
76
230
46
231
243
76
225
41
229
114
107
104
249
74
275
282
96
190
32
24
302
131
44
42
311
201
210
262
134
57
231
48
236
56
224
104
209
99
314
95
211
111
209
103
84
174
313
206
33
24
185
178
175
69
160
18
112
211
213
76
83
233
61
60
179
270
90
211
201
3
150
37
130
128
33
310
141
2
98
250
124
288
313
137
126
289
291
125
144
52
245
248
82
219
105
213
11
107
263
148
240
85
302
132
280
203
46
238
227
54
246
254
84
285
194
27
124
123
279
89
212
98
203
270
97
105
232
82
71
209
100
221
67
224
232
43
131
119
221
93
309
18
242
125
33
41
185
89
181
203
206
263
174
223
38
217
58
63
220
93
227
102
248
130
260
86
297
133
37
14
147
61
205
37
214
217
214
220
54
225
103
256
116
117
218
98
286
100
104
104
10
105
202
261
126
241
107
254
255
108
231
223
26
176
78
288
127
116
14
150
8
201
224
100
202
286
233
46
205
3
143
308
200
273
77
85
80
82
251
116
28
208
199
101
314
202
263
265
198
99
246
233
111
17
113
123
260
66
264
156
255
186
58
207
188
95
187
91
292
78
200
289
161
158
68
156
162
48
221
72
232
130
261
81
246
98
219
52
232
51
143
62
208
217
110
96
0
144
8
207
33
134
307
139
7
99
233
108
111
15
313
146
12
109
98
248
108
254
62
78
210
97
255
89
240
113
228
234
43
227
283
76
92
212
36
223
48
153
157
69
52
236
58
249
110
250
60
226
122
255
60
204
306
143
47
210
104
236
103
204
53
240
121
25
205
265
170
68
152
29
37
177
165
24
119
127
123
30
153
33
28
243
59
164
253
257
119
259
128
119
248
131
38
35
207
23
164
78
186
261
200
194
36
128
140
50
237
208
102
206
304
201
0
6
102
107
257
187
80
247
95
91
231
79
172
65
262
208
78
202
300
141
254
126
288
298
114
266
269
87
247
124
127
32
174
80
210
21
122
247
68
68
262
205
84
216
175
304
87
180
269
83
168
60
76
232
48
234
84
222
30
28
36
155
20
181
270
264
188
219
83
70
208
85
252
256
59
252
247
110
92
215
33
197
98
288
198
206
43
134
257
117
118
236
233
52
65
223
41
211
55
246
89
221
231
85
250
77
249
80
80
219
65
61
252
112
313
311
127
40
133
118
256
93
189
214
224
53
233
102
313
100
203
105
112
212
4
144
56
145
0
144
311
96
231
59
223
94
239
53
144
129
301
104
235
240
90
232
99
103
314
205
297
156
66
155
227
103
115
103
238
2
149
12
143
147
194
97
220
212
219
44
31
39
129
312
151
267
202
106
291
85
254
77
287
79
199
296
91
241
241
71
268
115
123
258
161
167
39
132
53
167
51
222
50
236
97
268
211
214
50
136
264
213
41
39
157
74
273
179
82
279
278
146
242
67
48
129
29
170
177
64
153
12
147
155
161
252
78
185
201
14
123
17
23
115
27
1
137
146
1
204
279
167
60
157
22
171
19
21
123
122
283
191
35
222
70
231
99
4
272
140
147
249
75
250
93
240
108
256
260
119
245
69
237
110
294
105
115
15
175
166
58
255
251
99
197
43
136
251
61
211
86
276
104
217
19
155
291
272
88
186
75
88
182
169
310
92
224
84
177
2
147
3
203
6
14
148
49
142
9
154
18
240
108
218
71
225
235
83
296
100
191
95
86
208
189
47
238
279
212
76
202
38
125
24
126
111
234
70
239
13
108
6
142
120
20
162
42
220
65
236
239
48
139
150
62
247
57
247
54
215
76
264
141
62
223
227
218
53
40
227
59
139
0
138
307
95
102
288
201
32
202
273
280
279
189
198
282
131
252
60
247
81
217
110
9
193
288
194
44
187
193
99
91
196
269
160
21
190
284
208
211
88
249
127
134
312
96
310
202
220
73
227
55
243
33
204
10
142
156
33
45
132
305
91
228
282
129
314
235
55
226
73
88
252
164
76
159
72
269
28
206
162
21
24
177
28
119
277
78
216
203
54
237
87
215
74
229
118
312
108
121
24
242
122
254
97
226
230
109
11
154
138
52
70
206
47
208
190
260
135
286
85
262
148
218
80
267
70
68
174
164
161
23
160
148
69
253
94
245
130
263
63
222
218
102
89
301
305
103
255
102
228
42
52
238
83
77
260
139
6
204
41
132
274
275
119
104
210
174
82
89
241
232
75
210
31
127
260
188
93
297
87
246
58
51
211
211
105
94
232
84
69
243
114
217
95
180
52
246
64
146
312
102
222
118
261
173
67
148
1
99
304
90
182
164
81
195
264
146
198
93
192
264
182
152
137
305
138
4
144
186
173
179
31
151
66
262
162
63
56
247
96
279
201
96
89
228
64
258
150
9
162
220
113
258
158
307
179
268
207
76
272
266
204
51
140
302
165
76
250
58
218
63
154
261
209
52
166
9
142
256
126
38
155
58
140
310
90
241
98
200
299
294
84
291
81
219
107
209
76
174
161
282
194
198
104
286
97
300
211
6
148
4
307
94
190
204
29
37
224
76
235
246
95
295
303
98
234
83
257
67
146
146
51
135
312
92
211
83
100
3
145
14
169
79
257
129
146
61
151
8
114
222
65
73
246
120
22
203
290
104
91
208
109
213
98
102
212
113
25
162
14
147
64
174
272
205
28
196
59
148
55
230
233
43
54
210
93
295
204
34
46
147
60
258
121
255
146
55
63
156
37
209
36
126
43
203
30
31
21
114
266
264
108
294
235
110
219
227
107
255
151
65
211
276
74
80
211
186
35
206
45
130
255
180
87
301
6
137
217
100
0
99
106
123
308
136
137
314
203
77
182
261
67
183
87
219
67
153
303
121
36
42
184
193
90
277
117
24
166
190
74
83
250
89
274
81
278
202
292
83
60
170
159
19
112
217
83
174
3
97
221
111
256
105
218
91
214
33
206
108
238
143
63
201
274
193
283
281
202
42
203
89
257
66
208
69
154
13
240
236
127
108
15
264
138
263
88
228
75
81
230
88
212
59
235
239
110
210
149
135
249
58
248
112
1
102
205
17
112
109
212
38
197
81
238
55
241
51
39
127
285
121
238
124
43
130
292
105
252
243
54
241
203
36
165
78
267
96
185
43
225
46
217
154
171
83
180
217
99
194
45
224
54
207
212
31
126
257
261
158
159
34
213
196
286
123
249
71
40
229
87
249
261
127
20
220
111
301
116
252
83
285
207
43
210
34
126
295
201
301
207
213
61
61
224
85
201
282
224
83
230
59
69
247
58
142
10
192
24
186
43
169
73
221
88
81
233
85
98
310
95
305
282
192
156
70
229
79
87
214
97
235
44
232
62
206
48
136
313
306
97
198
298
88
244
53
241
73
158
57
209
108
249
129
135
293
211
35
213
199
76
279
197
264
296
132
51
236
78
214
264
198
266
182
37
130
27
120
301
103
104
250
146
140
59
229
115
242
82
80
217
87
99
245
65
152
247
65
52
235
53
165
212
195
29
206
92
240
147
22
127
256
107
207
40
215
37
123
262
175
143
8
101
230
49
206
59
44
228
110
131
284
97
4
267
201
264
207
34
192
276
184
263
200
96
5
137
3
108
211
263
133
1
95
309
161
72
59
241
81
213
98
232
66
246
72
230
47
145
313
148
310
133
233
112
213
213
49
13
144
66
273
208
68
266
167
291
205
88
218
109
217
69
272
185
91
303
299
160
161
260
211
59
73
259
63
227
39
134
281
130
301
206
285
279
200
286
121
236
69
223
45
129
262
170
18
128
32
50
216
314
145
141
310
290
80
73
230
48
211
271
100
211
106
212
94
301
135
44
63
58
205
106
205
204
40
138
62
229
90
296
200
2
153
69
233
65
175
256
87
213
213
107
100
225
111
118
222
294
126
234
68
270
71
232
124
32
157
64
225
58
145
52
140
6
234
45
229
117
103
5
263
132
257
112
266
166
159
24
25
117
21
24
120
140
309
179
74
163
206
270
202
288
113
11
103
207
71
271
74
174
87
104
219
94
290
201
38
206
291
104
87
243
53
227
223
107
214
77
175
75
224
223
115
101
5
150
69
75
262
135
32
206
93
82
213
84
249
85
273
196
199
262
145
134
232
104
256
85
212
90
225
214
68
235
308
140
263
211
99
295
87
260
108
295
83
85
236
182
187
93
291
199
184
89
303
201
17
156
166
256
64
80
292
99
199
302
90
252
308
201
305
205
95
225
38
132
152
265
210
77
285
278
89
249
79
210
73
159
181
26
119
116
258
122
31
128
33
53
142
246
51
35
9
108
214
80
68
226
69
231
93
5
154
21
192
100
198
93
284
298
205
286
294
209
40
121
262
63
216
210
102
8
311
203
45
227
213
97
2
211
265
205
169
17
24
35
179
265
77
88
250
107
236
304
122
273
70
270
203
67
165
73
66
203
296
112
222
59
248
125
244
82
291
128
300
115
99
228
45
135
310
142
313
17
145
134
47
141
259
107
9
240
73
85
235
136
261
122
22
119
135
151
249
70
154
252
72
210
280
76
156
2
133
262
109
249
118
31
220
81
187
77
247
132
41
224
80
163
262
152
211
262
173
27
221
39
49
238
53
142
55
220
91
252
94
277
299
304
94
185
79
291
87
227
92
262
209
93
269
205
18
110
3
101
97
287
87
239
66
170
296
206
306
90
304
251
85
85
287
203
307
38
219
112
3
136
253
161
71
216
66
225
91
81
263
211
85
179
16
113
215
219
58
39
229
42
39
125
107
282
98
196
103
4
102
206
89
298
90
243
233
68
231
228
71
57
240
62
257
250
114
128
248
90
242
68
154
67
264
206
68
245
54
240
23
116
250
140
146
262
135
30
206
109
17
158
295
101
6
155
293
201
79
282
112
231
97
95
214
57
206
264
89
300
171
81
209
89
172
16
153
54
212
206
261
72
209
106
90
223
87
178
71
187
265
260
105
9
303
174
33
126
124
261
199
102
113
225
196
99
230
78
285
0
135
26
207
85
181
87
252
140
310
10
158
252
86
301
163
62
246
255
123
256
159
308
94
305
92
189
92
87
272
203
208
28
169
77
170
308
132
261
1
114
246
103
276
145
311
139
138
254
73
216
103
231
45
204
292
85
71
79
253
59
58
229
47
205
299
149
264
180
14
155
60
148
314
101
83
222
218
95
219
108
257
171
69
218
54
143
162
75
279
271
188
16
107
210
92
279
81
288
261
146
49
223
98
194
182
35
26
163
20
201
294
167
32
210
66
218
16
169
21
157
68
153
12
108
253
77
208
66
142
46
231
42
209
55
240
105
249
96
209
108
8
105
313
115
267
183
96
202
307
108
247
116
304
256
119
259
143
11
208
83
232
230
42
213
102
239
49
220
35
202
104
102
254
166
204
105
212
91
262
210
81
253
144
50
228
232
46
219
29
112
256
192
95
186
12
160
294
81
216
115
216
48
204
18
156
54
238
87
69
269
117
273
86
178
168
19
21
9
159
17
166
170
82
273
187
16
158
170
31
206
259
117
249
72
279
14
105
255
135
46
15
146
63
242
51
240
64
243
91
247
78
245
121
20
189
206
87
226
226
98
98
230
107
94
106
12
205
208
111
255
87
264
175
60
50
245
56
223
225
50
242
52
208
268
185
92
105
209
193
286
195
282
160
147
17
171
18
130
36
179
72
207
70
224
95
234
85
191
181
73
279
100
253
143
45
42
139
47
236
234
73
261
197
284
145
51
209
159
22
161
211
75
213
38
204
100
195
205
99
219
111
248
123
43
132
27
28
124
311
211
282
94
275
10
160
298
117
250
186
41
207
44
208
61
252
257
105
312
98
191
34
221
103
6
97
285
208
58
251
90
203
31
207
42
208
56
246
251
105
203
259
120
225
235
45
41
136
140
7
179
26
149
58
238
5
102
220
112
229
65
153
73
209
267
165
262
195
56
146
164
22
121
118
292
283
100
110
236
79
268
203
302
307
93
188
193
46
228
77
224
47
139
307
121
118
269
158
284
80
205
277
212
297
198
192
86
220
39
218
61
64
155
13
210
103
307
144
160
144
55
167
217
48
214
16
159
77
279
79
245
156
209
221
53
168
56
233
45
126
313
7
151
10
13
14
156
153
138
48
141
129
258
106
203
300
118
237
48
212
83
294
97
248
100
193
153
165
292
98
208
82
227
113
253
251
134
300
304
133
38
33
212
45
236
249
98
110
209
60
234
87
299
94
246
111
215
24
241
105
7
152
224
109
211
154
62
171
32
209
106
252
254
101
113
256
248
63
237
67
248
106
256
110
14
111
218
268
74
208
67
228
123
28
118
25
23
133
306
203
285
95
304
177
35
131
263
113
229
126
112
8
103
252
64
226
61
148
155
15
117
114
213
103
215
15
204
265
115
301
299
129
280
194
260
205
267
186
94
312
210
80
220
66
181
90
214
113
239
119
27
202
103
86
298
201
105
99
283
83
209
104
97
101
194
78
249
116
276
121
109
7
150
66
265
190
67
204
31
196
97
212
168
297
82
187
141
10
184
88
224
117
278
188
92
308
13
145
244
109
220
22
148
191
257
159
44
204
219
40
220
103
218
40
130
295
106
251
244
112
15
167
306
93
197
266
207
52
222
116
114
214
41
134
302
136
143
311
7
103
206
39
204
103
237
109
97
233
51
237
46
235
118
18
263
208
71
226
198
258
170
255
115
217
64
51
63
53
203
261
74
238
51
50
235
295
112
14
109
251
55
207
41
215
89
179
90
228
52
50
140
301
96
101
214
110
222
228
79
240
125
252
89
182
193
264
73
236
242
91
224
74
248
250
80
231
111
105
308
97
208
39
226
105
111
109
208
57
232
67
82
252
113
121
227
95
231
238
117
220
26
150
264
173
219
68
200
102
256
148
3
146
19
109
256
120
21
283
209
166
72
82
210
103
280
147
139
53
207
51
226
42
17
154
245
57
69
205
98
250
83
277
203
103
198
171
24
38
213
79
276
271
198
27
17
151
63
261
117
22
152
11
229
69
206
302
204
274
179
269
70
166
57
244
234
44
209
95
229
80
188
277
87
219
96
302
114
214
205
301
90
98
252
63
236
61
247
59
214
96
188
77
212
100
205
216
108
124
135
49
131
118
228
101
270
86
229
121
282
236
300
88
232
116
8
141
32
177
270
173
212
46
216
214
112
268
306
236
76
71
245
55
237
305
0
179
91
303
311
97
0
1
132
35
32
126
133
49
204
206
36
124
259
110
257
257
124
258
292
106
6
14
114
97
266
212
267
74
212
106
3
233
106
255
193
68
155
127
34
173
172
82
234
292
124
24
29
242
141
292
201
36
176
81
204
281
76
270
161
76
275
73
84
88
234
51
235
122
224
113
264
152
10
114
127
137
256
253
119
23
158
173
61
246
234
94
206
44
34
24
191
254
68
265
193
99
205
261
86
256
257
121
249
64
71
246
60
206
294
96
237
59
208
33
205
104
215
210
85
293
129
116
260
74
167
149
63
150
245
106
235
123
29
36
131
297
110
229
109
257
142
312
182
190
87
194
94
106
11
147
310
126
259
134
54
216
32
208
106
221
42
127
253
61
225
87
251
86
85
221
78
161
59
152
170
80
177
161
70
265
174
177
63
208
41
136
256
60
221
219
71
208
204
271
96
220
108
226
63
255
70
274
14
167
80
223
111
