41
237
34
172
75
289
138
259
119
209
35
110
103
167
196
281
195
280
157
152
286
114
122
262
175
97
96
304
133
286
188
82
66
198
297
67
125
259
96
129
253
197
19
78
239
99
21
151
31
235
32
239
217
312
192
259
90
207
305
148
31
185
140
267
288
41
242
55
49
227
41
238
109
114
251
116
226
115
264
83
225
23
144
109
248
130
241
131
280
163
147
309
199
298
117
291
53
192
47
205
108
245
44
242
24
165
35
264
121
212
43
140
149
258
34
159
2
138
135
22
235
60
26
183
23
197
30
139
283
82
260
180
9
101
106
135
259
37
52
227
149
150
11
303
140
265
138
308
48
228
23
194
217
120
33
188
270
114
256
33
230
59
171
183
27
183
115
261
137
264
155
281
152
310
154
26
209
263
138
311
247
120
219
191
44
218
285
177
215
35
236
235
78
260
36
216
223
2
133
64
65
56
35
136
125
285
139
56
56
57
239
52
281
164
184
257
129
10
169
168
135
12
227
127
261
64
228
5
173
155
308
161
267
96
102
207
312
90
268
276
53
239
235
80
83
78
260
115
256
171
296
146
25
197
59
239
37
212
290
83
259
195
162
156
280
146
242
56
243
29
187
288
172
104
92
239
80
305
191
13
145
9
139
24
135
43
40
190
285
172
79
241
97
208
67
228
108
190
282
179
285
144
163
27
151
160
27
169
185
62
220
105
298
288
74
225
41
118
125
283
184
28
222
34
186
304
126
44
216
40
233
75
131
270
159
254
131
273
147
36
218
100
251
124
282
188
158
274
218
36
158
28
49
262
166
49
201
62
273
271
116
290
148
0
74
239
50
294
121
251
109
215
20
156
271
123
136
111
278
158
250
140
259
255
122
160
17
156
28
213
39
118
117
23
178
280
121
262
151
9
258
140
34
179
294
125
267
23
233
67
232
223
287
141
248
89
257
47
146
6
133
27
180
162
233
116
302
142
133
280
149
19
110
215
112
247
41
29
235
36
223
43
69
257
117
265
140
149
282
142
299
235
116
274
213
219
116
101
139
282
122
239
218
114
265
157
271
132
138
276
47
43
312
155
33
216
73
62
234
69
16
158
170
22
204
104
243
112
218
48
225
170
287
238
123
26
167
15
44
220
80
236
256
49
21
206
31
216
227
32
27
100
113
119
263
28
215
231
77
56
230
73
58
253
37
255
127
272
99
203
18
160
8
119
135
307
297
175
271
142
282
63
78
294
190
79
241
39
235
226
36
185
124
256
81
221
112
214
21
141
305
101
244
66
76
17
181
201
228
111
245
101
168
189
289
82
259
112
246
245
42
232
122
250
268
277
56
194
51
128
3
103
186
295
118
235
18
141
278
92
209
211
38
15
188
185
288
119
245
119
243
237
32
73
229
21
141
132
314
286
201
103
96
190
32
224
107
253
89
175
275
285
227
25
162
7
212
91
258
48
222
61
275
178
32
227
218
295
118
294
182
197
18
206
33
28
20
190
83
69
160
25
138
99
205
220
107
313
129
5
167
270
64
211
23
23
150
134
130
12
170
310
141
80
289
190
104
244
115
272
126
225
33
178
23
203
104
246
82
9
172
283
178
304
300
201
240
85
302
132
298
236
116
7
171
19
230
111
274
38
194
27
268
123
279
89
196
295
120
97
234
86
303
82
240
222
39
221
15
231
233
249
125
121
221
93
194
284
292
125
288
194
49
270
250
73
26
150
151
288
82
217
117
136
253
120
291
93
248
95
199
194
201
159
28
226
147
61
268
37
44
200
93
143
23
225
117
245
116
209
29
162
286
73
74
243
85
105
118
292
126
233
80
96
255
108
298
118
210
109
78
288
127
238
91
150
8
301
60
235
195
198
184
46
46
264
201
32
166
87
77
11
213
51
266
116
294
174
274
52
228
305
160
168
185
99
246
91
310
9
257
37
289
131
7
224
4
208
39
201
17
121
252
91
290
75
74
214
136
267
45
243
109
17
183
99
238
254
81
90
241
99
206
118
129
88
148
290
144
23
36
215
0
52
248
211
302
134
262
139
273
151
298
207
5
14
230
21
149
154
98
248
108
254
31
237
210
42
44
44
240
113
241
121
122
268
137
110
276
199
36
214
179
190
31
249
52
236
58
249
111
119
312
246
122
255
60
230
306
308
47
210
20
33
103
204
304
205
121
241
160
308
65
114
254
158
37
177
31
24
245
243
123
30
148
25
28
152
208
20
31
12
22
126
308
187
314
150
38
35
222
27
300
117
293
283
276
159
80
11
207
8
190
304
126
11
6
165
271
291
121
266
276
71
18
186
36
127
231
79
156
275
136
263
78
305
300
144
284
126
289
298
183
182
279
52
171
152
31
170
174
34
220
112
209
188
303
201
33
237
218
83
246
105
87
189
288
83
195
18
146
135
69
234
25
33
198
28
19
13
136
310
217
296
188
134
283
122
132
276
261
163
170
14
3
165
279
110
261
197
37
50
22
204
280
165
257
117
286
127
233
52
126
306
41
221
39
228
28
229
68
230
265
82
87
0
89
162
311
157
18
151
209
311
1
77
121
258
270
93
181
189
36
53
264
285
170
14
136
251
112
284
122
144
15
139
0
158
311
4
207
271
103
269
118
76
159
129
112
104
235
51
80
239
103
103
314
162
93
206
66
155
17
63
234
27
111
215
46
12
264
192
194
234
28
212
123
266
39
210
25
25
151
267
91
89
39
207
198
157
279
178
165
194
47
246
118
34
268
197
4
211
160
27
49
249
53
242
87
35
241
120
244
104
211
207
31
256
42
46
245
43
157
24
152
288
189
175
278
124
266
67
17
129
10
170
312
148
153
5
18
205
104
252
78
191
85
70
84
191
291
115
264
51
289
128
12
144
269
33
207
28
180
171
278
231
159
27
47
192
85
241
52
231
51
105
229
262
147
219
34
210
110
240
108
256
122
223
131
6
131
121
302
287
118
2
68
83
58
255
130
297
302
208
13
30
175
233
247
114
11
234
119
240
60
278
73
263
49
272
182
171
172
263
137
17
180
72
136
297
195
3
147
41
49
215
9
198
18
125
147
33
29
37
38
47
27
53
249
95
294
10
222
105
118
296
212
32
243
38
62
68
228
8
122
225
14
13
140
141
142
166
17
53
274
52
264
159
252
126
273
154
99
218
108
138
90
215
117
239
258
259
314
157
167
266
57
44
255
139
308
137
307
107
102
278
222
32
248
70
280
135
189
170
282
160
256
118
219
59
281
110
9
225
298
194
29
213
193
99
190
257
269
160
239
33
258
167
96
126
300
301
151
312
87
259
40
220
3
162
295
243
63
245
101
266
54
274
45
58
281
91
260
282
129
151
198
29
159
292
130
252
244
233
247
72
177
41
180
162
0
27
177
11
119
233
51
290
203
303
0
225
215
221
274
153
27
1
135
276
194
79
291
62
63
232
109
121
310
52
311
217
84
101
101
205
303
135
11
314
301
124
243
98
34
173
172
39
199
301
141
160
257
34
33
47
245
130
264
261
98
128
129
269
88
15
166
255
102
133
296
127
254
66
77
10
140
306
204
34
34
190
271
128
271
271
133
299
150
241
236
46
37
238
127
260
188
204
2
158
178
37
51
126
293
181
183
43
249
132
35
170
50
259
79
295
197
5
164
272
174
27
76
302
147
133
304
202
301
297
301
179
21
191
267
284
119
164
226
113
264
182
179
296
305
138
4
135
266
128
114
218
295
134
17
170
22
56
247
71
60
276
191
89
197
34
168
63
268
53
249
113
214
118
307
211
37
162
273
289
184
204
205
308
150
311
194
24
65
218
46
220
31
82
239
239
135
98
236
192
270
282
58
32
42
218
216
288
178
286
287
115
291
300
230
39
270
144
146
105
208
280
196
263
129
36
246
103
312
2
150
309
288
190
184
164
314
186
76
68
206
219
35
224
116
234
83
135
135
130
146
299
135
257
18
169
10
100
243
115
148
22
197
214
191
281
61
187
39
191
222
31
206
283
120
22
144
287
77
91
208
42
198
275
113
212
113
283
162
267
213
31
178
181
277
51
18
182
269
157
308
214
227
54
279
195
295
296
184
34
147
227
34
193
40
146
264
125
19
168
178
36
237
109
205
30
31
32
154
165
30
193
216
205
110
219
91
246
255
156
29
246
62
238
216
21
190
35
206
45
247
82
180
273
164
261
148
17
198
0
136
106
238
114
113
258
106
203
104
134
25
198
90
77
91
191
46
278
121
297
280
181
231
64
277
181
86
166
158
279
21
221
257
113
188
278
128
146
10
99
131
159
19
112
263
83
244
259
125
221
117
69
79
31
234
56
237
112
108
238
80
64
273
55
193
7
17
226
44
230
15
257
254
67
71
97
236
240
119
269
256
114
291
138
255
120
132
270
81
230
59
129
303
290
177
272
53
232
226
53
243
241
77
115
108
205
24
20
146
215
42
197
83
80
32
182
18
39
208
104
238
119
136
246
130
259
101
275
278
54
241
84
6
165
29
100
96
158
25
180
25
217
9
171
20
180
240
99
233
37
224
54
42
150
305
121
255
46
154
159
34
213
181
279
117
210
105
123
286
119
91
231
46
223
310
299
207
116
248
228
100
207
191
100
229
110
277
165
181
282
152
310
119
111
233
71
282
145
261
259
47
192
114
263
135
152
19
204
32
17
204
33
166
311
225
231
81
137
310
166
288
282
55
223
39
237
79
39
214
15
239
44
232
6
225
48
136
301
219
37
262
311
88
218
187
286
57
230
57
209
108
204
23
145
293
51
220
235
68
166
65
213
101
296
144
21
236
78
168
177
214
26
32
202
96
256
120
301
141
253
51
60
280
271
247
115
242
184
32
42
246
99
134
14
143
247
60
201
295
105
116
251
185
17
206
92
14
147
148
127
262
120
254
88
77
254
123
261
242
131
8
126
266
174
26
37
190
291
161
177
32
169
36
28
238
30
209
34
192
182
267
53
200
48
259
123
104
268
120
252
133
263
160
155
25
223
12
16
81
252
98
232
66
147
272
208
108
81
238
38
310
133
12
200
88
233
76
240
170
33
193
105
100
99
173
272
193
148
246
109
159
69
228
104
228
226
12
258
125
102
70
64
52
259
27
194
39
134
134
257
39
218
16
204
111
121
132
266
212
223
24
173
17
164
18
148
32
218
303
4
230
12
310
176
42
221
230
42
211
242
51
281
125
298
304
49
245
212
39
247
239
106
205
224
122
138
11
3
223
56
2
133
60
242
102
65
224
43
0
92
113
238
55
46
148
157
45
272
19
259
123
249
36
220
40
32
176
37
159
164
145
313
140
268
253
114
78
117
279
61
263
132
288
207
111
153
159
22
25
38
211
158
161
294
121
260
206
5
171
145
1
16
171
270
103
237
71
26
176
5
233
103
171
32
248
62
302
139
4
165
295
148
79
308
158
304
149
15
175
59
37
223
246
62
244
71
280
63
74
154
279
170
65
82
213
313
125
85
96
196
199
159
313
308
143
110
128
273
212
122
236
176
272
269
135
253
44
185
0
307
124
234
39
220
129
81
236
29
210
301
296
180
181
24
246
55
254
156
13
168
71
296
188
99
199
302
90
246
70
256
121
274
95
239
29
204
94
4
173
118
264
93
89
249
244
42
38
229
20
26
204
24
141
267
112
285
186
195
291
61
5
4
235
105
237
80
68
68
264
141
1
142
112
126
256
100
92
202
15
143
112
99
140
222
40
160
175
76
303
151
310
0
12
203
34
161
30
203
193
211
30
225
169
19
131
126
265
109
15
112
250
107
290
239
122
273
191
267
142
112
9
131
66
203
296
112
209
28
39
201
289
189
20
59
45
240
116
228
22
213
310
142
313
101
282
140
289
141
251
112
9
176
73
79
14
136
261
59
22
155
305
151
252
86
16
182
178
278
129
2
32
57
133
304
300
298
134
128
220
45
282
119
247
46
40
224
48
300
136
306
211
305
58
251
33
39
185
227
53
31
174
12
120
252
41
244
99
269
94
233
41
20
184
44
245
73
308
310
157
29
42
183
243
116
97
62
87
239
74
299
296
181
284
130
304
206
63
239
36
203
186
211
68
127
314
155
253
251
71
235
66
282
299
134
267
204
85
179
234
36
211
222
214
42
242
88
39
30
98
236
60
196
209
4
129
256
128
298
126
239
125
71
231
233
211
116
240
62
257
250
111
120
248
112
242
113
198
116
101
206
26
233
53
61
304
144
153
140
294
152
132
280
241
106
314
129
6
215
3
155
127
270
182
282
153
231
313
128
281
189
206
108
217
51
249
61
284
174
166
3
153
292
144
289
173
259
129
121
90
223
87
189
302
151
244
116
146
17
22
174
33
164
174
279
248
111
239
113
224
57
264
100
236
277
135
3
190
186
23
219
42
67
310
310
158
289
73
34
178
14
144
116
123
286
286
281
59
253
115
67
285
276
128
312
143
28
153
298
54
280
132
304
191
114
246
107
74
145
21
17
144
24
185
203
109
270
286
155
310
306
146
79
233
6
9
229
45
82
94
141
266
48
101
87
263
253
25
209
83
16
136
251
292
218
118
216
28
212
52
9
121
296
96
240
79
44
222
51
67
177
81
69
20
181
266
132
98
268
189
191
26
163
175
196
308
200
32
43
190
161
16
132
120
213
222
50
238
60
253
271
266
122
126
46
221
89
195
53
240
82
248
106
130
123
275
147
141
39
184
36
148
134
298
150
275
144
304
257
119
290
124
224
46
309
301
208
100
23
151
239
49
241
174
9
172
284
146
134
76
257
77
89
126
261
274
63
59
257
129
42
215
3
162
27
150
0
191
186
12
130
294
228
215
115
21
180
185
302
112
96
238
180
288
73
72
273
11
131
268
156
22
134
271
112
101
187
82
182
187
77
125
291
96
99
259
117
249
121
244
58
307
219
5
303
307
212
39
242
32
213
36
223
81
243
31
134
284
100
122
206
87
299
126
314
164
260
134
94
182
12
139
226
111
172
87
69
56
230
215
124
56
58
225
50
242
36
214
60
272
92
309
286
146
164
186
283
143
16
17
51
243
39
160
101
135
297
302
150
95
234
85
111
223
73
241
100
111
170
17
167
29
47
228
112
73
300
292
188
92
126
227
159
22
165
201
51
271
278
116
129
294
271
202
298
126
230
123
43
194
197
28
155
143
303
303
130
299
10
116
289
117
252
120
297
207
37
153
83
261
244
140
312
121
228
20
208
17
6
148
45
258
137
300
145
68
294
146
67
305
130
309
15
105
203
262
114
258
54
275
263
146
11
7
191
26
149
162
312
104
240
35
26
232
207
18
11
209
215
191
43
277
56
4
164
178
23
135
301
131
25
52
236
127
268
203
302
245
102
184
12
195
23
216
34
238
43
270
121
241
108
65
282
167
174
184
291
48
198
53
231
61
185
38
207
113
108
139
11
18
141
251
71
65
278
111
217
48
219
143
307
133
279
59
168
22
311
139
13
224
72
205
45
126
228
193
304
81
187
195
231
23
212
104
302
129
289
190
210
285
118
309
137
93
266
276
152
249
135
5
182
176
287
136
5
157
305
113
253
108
134
245
88
149
38
44
212
45
210
204
98
201
47
241
99
311
124
94
246
238
55
259
248
131
7
286
129
0
52
47
16
171
9
58
232
83
264
139
287
256
70
30
179
23
158
82
82
237
10
15
198
241
114
259
67
274
162
28
219
25
218
307
306
277
285
203
240
239
35
190
202
113
153
162
275
202
100
252
129
245
61
240
113
216
302
114
264
263
87
69
0
265
135
254
36
33
227
183
197
205
101
303
141
94
85
177
13
129
296
0
214
34
239
22
230
238
103
93
130
246
105
140
283
83
303
138
10
38
170
198
39
99
276
121
109
149
150
66
19
188
50
207
296
196
97
100
180
93
262
124
285
181
167
9
65
285
101
241
92
85
194
6
123
106
240
22
111
253
43
159
306
204
48
260
220
60
122
32
206
302
137
272
244
112
219
7
260
116
275
265
131
227
37
221
271
120
313
134
276
101
128
251
310
183
30
39
204
103
226
9
101
239
51
259
3
235
118
244
126
264
79
15
180
299
314
309
115
281
113
240
30
161
179
10
297
122
236
56
57
244
266
125
117
251
150
13
14
126
293
78
60
228
52
292
137
278
261
77
214
119
216
194
15
95
244
308
89
243
257
264
64
47
7
109
134
3
167
250
68
236
111
207
308
220
49
39
224
308
116
233
101
121
12
152
29
54
268
259
269
116
240
117
117
207
314
150
30
173
100
68
110
254
54
248
257
82
232
23
214
120
285
136
294
69
72
204
218
275
123
224
39
46
173
6
21
182
28
220
232
57
226
206
98
100
202
277
203
117
219
40
27
139
277
140
25
245
43
218
306
151
132
290
194
22
152
13
145
281
206
144
294
9
127
269
61
275
93
119
230
50
248
60
282
128
267
277
176
174
138
285
114
214
40
301
90
192
84
240
236
61
223
41
225
99
92
255
175
100
205
233
65
244
129
270
68
51
225
55
279
135
289
121
82
258
216
219
305
182
227
42
212
16
164
173
31
46
242
135
111
268
261
252
76
187
299
130
92
153
306
189
277
282
222
97
220
1
132
44
211
122
218
49
204
188
36
124
270
110
312
155
307
259
171
6
194
25
212
67
53
229
64
181
40
245
88
121
106
127
269
134
278
127
29
173
35
67
234
292
124
240
28
124
141
292
15
173
281
142
18
174
253
73
236
115
154
170
285
110
234
227
235
231
249
144
21
107
212
34
302
67
246
125
55
23
10
178
169
141
288
99
28
211
34
24
191
14
22
19
309
133
295
114
286
134
257
107
250
46
42
80
177
98
242
134
267
59
45
33
247
114
113
256
52
223
129
276
174
14
71
86
184
282
194
37
216
136
9
163
146
269
110
229
176
18
142
260
128
283
141
235
126
106
272
75
253
126
255
133
34
216
212
117
106
140
270
140
253
61
255
69
251
270
136
112
14
169
12
10
132
109
313
161
57
279
174
44
260
33
58
136
256
60
170
11
307
117
125
257
112
219
219
37
14
166
285
61
46
69
86
98
85
