66
206
22
231
114
250
127
247
123
290
292
117
282
112
259
45
155
307
157
64
286
114
122
289
175
177
73
283
67
286
188
76
185
198
299
132
256
85
264
129
253
66
73
236
239
99
313
151
31
240
37
40
217
312
216
39
199
96
305
156
31
224
35
226
126
8
227
55
49
280
114
243
132
114
253
116
249
115
256
76
177
23
207
109
249
112
241
131
280
163
153
309
198
298
117
291
290
192
47
205
108
245
86
242
83
195
35
264
82
212
29
235
20
200
24
179
10
141
301
120
235
60
74
213
23
152
30
155
283
70
295
180
9
118
120
258
259
52
50
227
51
161
150
307
140
265
91
197
48
228
44
31
217
120
212
63
285
121
252
126
230
59
281
183
27
238
88
306
137
18
151
28
152
310
154
309
210
15
226
115
247
120
299
186
44
249
118
108
215
35
236
101
88
241
36
154
0
92
64
68
287
114
5
223
125
278
139
10
228
57
197
55
274
164
180
71
162
10
169
266
135
12
227
49
261
114
217
314
313
155
308
161
26
173
130
295
126
272
111
276
168
79
290
75
251
78
288
115
108
122
251
146
25
197
47
239
37
212
101
272
130
6
162
195
27
233
242
56
232
112
271
288
172
10
143
304
80
260
94
267
166
9
139
244
43
191
44
36
184
287
79
241
97
201
67
228
19
184
282
166
9
144
17
27
151
20
176
29
159
312
231
55
272
36
44
225
41
235
125
261
45
41
228
34
256
46
195
22
216
40
233
75
59
270
160
254
116
273
51
232
62
280
265
124
279
134
293
119
218
36
35
231
49
55
276
49
201
62
50
257
116
242
124
248
91
266
123
270
121
251
120
215
20
156
309
123
258
111
272
52
250
115
259
132
310
210
24
156
24
213
39
180
160
23
172
280
129
262
33
53
269
171
8
195
294
124
238
23
233
67
234
117
287
119
248
114
227
47
193
303
133
126
224
55
233
65
276
128
133
280
116
251
110
215
112
275
151
29
238
40
214
33
261
257
117
219
123
113
282
76
285
283
116
274
113
213
116
233
125
269
261
116
214
114
300
129
142
280
139
276
50
219
36
228
33
216
43
47
234
69
232
74
170
23
235
59
243
112
218
48
253
73
287
304
123
277
167
15
141
287
80
236
63
173
34
238
31
216
50
219
47
225
11
119
248
111
125
231
70
70
230
233
58
253
131
255
119
214
100
203
71
158
309
96
306
307
93
52
271
137
282
63
300
127
280
54
241
39
235
72
285
185
35
256
116
281
112
214
21
144
309
124
244
107
208
70
181
296
112
111
245
89
81
189
289
113
276
112
246
245
42
236
122
250
117
290
113
268
133
128
3
7
128
301
119
235
30
47
246
91
75
211
38
188
294
185
298
119
253
108
243
237
76
236
229
21
141
132
314
197
84
312
125
230
64
284
112
253
128
274
111
220
43
261
163
2
99
91
195
48
222
44
275
178
32
227
124
277
118
302
299
197
18
229
57
195
20
190
205
33
160
25
199
298
86
220
123
242
129
5
167
165
63
211
39
23
150
135
133
12
170
66
288
117
289
72
57
244
108
258
126
225
33
178
23
203
104
246
244
115
279
168
178
290
192
86
240
85
242
132
118
290
114
98
227
53
230
111
206
21
194
26
152
135
261
89
196
295
120
76
234
86
303
122
108
214
36
166
15
231
33
249
125
128
258
93
85
193
292
71
288
163
12
117
246
46
26
150
40
223
38
217
307
127
253
120
245
48
197
95
199
95
273
35
30
252
113
246
42
218
44
217
311
158
35
251
105
245
116
209
29
174
286
73
258
261
85
263
118
262
129
241
86
32
255
33
212
122
210
109
142
290
127
238
24
217
292
125
270
100
86
195
47
202
34
264
164
32
158
17
191
46
242
110
275
116
287
177
274
52
49
224
49
278
101
208
204
200
310
157
257
89
267
131
7
163
4
127
110
207
32
121
257
73
90
256
119
264
136
271
45
246
109
53
226
226
125
256
81
90
241
106
110
240
129
17
174
290
144
23
36
215
0
9
113
209
106
126
262
121
273
151
309
145
16
14
230
21
31
227
46
248
106
254
31
237
127
261
122
221
223
113
285
274
122
265
137
131
276
47
196
159
4
166
64
249
32
236
96
249
111
250
120
246
122
255
47
36
152
25
27
210
69
248
103
204
304
205
71
166
160
308
216
114
254
154
34
191
88
104
245
110
207
29
155
25
28
201
95
212
31
160
22
126
80
74
282
183
180
35
222
49
248
117
293
117
241
120
123
300
143
302
190
304
206
91
1
165
278
105
248
51
275
120
260
90
239
127
130
119
134
252
110
250
126
116
300
141
284
116
114
280
183
182
279
125
247
124
225
32
239
30
210
112
86
188
300
201
33
237
238
112
255
109
273
112
288
288
192
292
126
232
48
234
25
33
240
33
226
13
228
52
217
41
193
268
270
122
132
8
166
163
152
14
7
165
3
105
246
127
260
34
169
175
67
77
233
117
245
119
215
97
224
223
41
221
39
228
99
94
199
299
82
241
98
0
2
162
311
147
23
142
8
103
210
213
121
220
38
40
181
189
36
48
264
84
179
14
136
2
112
212
40
228
15
139
0
158
155
27
207
207
103
269
263
124
274
120
247
117
235
51
58
247
104
102
314
156
29
238
66
201
100
63
234
27
22
188
19
12
143
310
84
78
300
125
264
266
39
210
213
25
151
163
34
27
202
301
198
94
198
168
17
232
47
213
118
134
127
258
50
274
161
54
49
227
40
242
103
89
241
122
108
243
104
207
31
256
42
46
245
47
218
24
147
288
189
46
278
124
266
111
126
227
10
13
145
268
141
19
18
205
104
252
78
308
85
70
284
191
291
115
264
51
226
100
268
126
269
36
242
85
70
171
278
132
257
260
47
229
48
241
52
231
51
216
36
157
155
35
34
210
110
265
108
256
122
223
11
10
131
121
302
212
115
213
78
286
127
255
123
123
299
184
13
173
179
72
247
114
131
252
123
284
114
272
128
265
50
272
182
18
172
263
137
17
180
298
136
297
200
3
125
251
32
215
31
202
18
125
228
218
125
226
38
208
21
32
229
33
260
38
222
298
183
33
212
32
213
308
208
18
228
8
122
225
14
13
137
141
275
163
58
56
274
127
299
150
252
126
238
237
30
247
108
5
2
215
41
239
98
90
314
157
168
261
35
44
265
132
272
138
245
107
217
49
215
117
248
70
256
124
75
59
282
65
256
118
247
106
121
264
37
207
35
179
29
213
312
3
130
8
221
48
263
33
258
118
115
126
300
301
151
312
87
259
48
220
311
304
132
255
63
245
122
266
54
274
45
48
199
45
260
96
128
238
235
42
189
44
130
241
36
47
247
128
237
28
181
161
30
166
177
171
61
233
242
47
225
54
232
80
215
74
254
153
312
0
130
276
176
78
291
83
24
235
28
141
16
156
311
157
1
101
102
205
303
135
275
125
297
124
271
104
239
34
172
39
181
183
294
124
257
33
253
106
245
130
264
135
118
244
129
272
168
14
151
147
10
133
296
127
254
252
129
260
140
306
204
34
208
112
254
128
134
271
121
260
50
271
56
244
45
234
127
1
96
204
303
158
155
274
51
267
178
35
183
43
226
222
35
257
130
242
119
295
197
5
164
272
174
27
118
267
276
133
304
202
301
76
291
145
35
263
120
254
44
39
226
52
273
182
294
296
305
138
283
135
243
128
249
120
269
134
13
159
268
116
247
50
215
24
211
28
185
34
270
154
268
53
232
113
214
118
307
211
37
45
273
270
41
38
207
305
150
32
48
270
57
273
46
184
31
34
258
53
228
37
270
126
115
282
57
231
42
182
292
189
185
286
124
115
291
81
240
46
270
144
146
139
267
126
125
263
96
257
246
103
312
148
297
121
288
190
204
63
284
186
35
212
121
263
41
224
48
203
31
176
74
130
293
299
71
257
44
196
202
100
243
111
148
22
197
288
129
243
40
231
39
31
222
39
206
107
129
269
144
308
226
36
208
109
225
217
39
251
113
283
284
66
213
31
178
276
285
169
173
175
273
54
29
38
227
54
59
195
295
182
184
34
147
137
133
257
139
132
264
125
242
34
178
36
266
109
213
30
180
25
154
165
4
108
216
41
218
311
123
246
40
236
29
209
18
233
114
292
186
41
219
45
247
63
61
159
164
6
148
17
229
73
259
33
252
114
113
258
106
203
104
104
210
198
90
200
281
270
132
241
58
278
280
112
262
125
277
180
80
299
138
279
65
125
257
113
279
278
128
2
156
312
4
134
254
130
129
250
118
254
125
221
118
256
32
54
234
56
250
31
32
238
80
173
270
35
193
7
10
226
44
227
15
142
14
135
0
97
236
27
236
34
218
87
266
138
255
120
134
303
119
100
213
311
306
208
114
249
248
50
226
41
183
37
241
243
102
205
24
20
25
215
42
197
60
203
213
41
46
219
208
104
249
119
118
246
59
70
176
83
236
54
221
85
173
273
111
267
120
284
62
233
25
150
17
171
20
189
289
70
233
37
224
51
276
100
209
121
255
44
37
225
34
182
181
286
117
255
105
244
134
277
112
231
46
225
125
295
293
116
126
228
100
207
35
32
214
48
277
169
6
167
160
310
160
28
233
57
282
139
261
37
47
59
166
263
135
152
19
210
32
28
204
33
166
3
54
231
228
127
310
218
48
276
55
223
39
237
79
39
214
43
235
44
232
6
225
48
223
51
219
37
215
222
9
42
187
286
68
230
17
209
108
249
113
129
265
123
262
82
1
166
2
129
120
296
144
25
231
78
187
21
198
206
32
202
33
256
120
271
110
118
234
60
280
59
229
51
242
38
192
42
188
299
125
14
143
247
60
284
115
277
116
212
43
33
176
77
123
118
251
127
262
120
238
81
77
254
123
112
242
131
263
55
230
48
236
237
32
175
26
159
32
235
36
28
198
30
209
34
237
52
267
93
200
48
259
119
276
268
109
252
120
258
160
155
154
312
12
141
122
213
219
7
222
214
76
208
103
122
238
38
215
21
12
179
73
233
51
277
170
33
163
273
136
277
280
161
4
106
250
109
267
47
236
50
47
224
12
228
113
285
64
237
125
259
128
142
9
134
134
257
39
218
35
204
111
257
122
304
212
23
24
176
11
170
16
230
32
218
121
217
225
97
50
224
42
221
223
42
237
242
109
253
125
298
123
224
223
44
187
83
239
31
36
210
40
193
293
195
303
124
256
133
254
242
102
111
224
43
230
108
99
240
32
225
39
40
45
224
126
253
123
249
36
220
40
32
176
38
225
50
164
313
163
31
253
107
78
240
242
84
263
132
258
125
250
33
186
180
36
38
233
24
133
262
121
260
125
11
138
131
1
163
171
270
51
237
54
277
176
283
117
103
203
35
252
62
246
139
4
7
20
148
152
308
91
304
149
15
203
215
37
223
49
62
236
71
280
63
286
179
279
170
159
314
213
313
125
265
91
196
28
149
145
308
123
262
128
273
273
114
237
26
125
268
135
253
44
185
154
307
74
234
39
189
305
81
236
29
210
113
291
300
181
38
48
235
65
156
267
176
111
216
122
248
125
245
90
246
121
256
121
274
118
239
29
204
98
84
219
118
245
126
246
48
244
42
38
240
57
66
204
305
141
244
112
285
187
40
56
160
5
135
244
106
237
116
260
128
314
160
1
159
142
126
241
103
92
202
15
133
112
286
114
222
40
182
175
203
300
150
310
139
12
155
34
220
30
203
17
211
30
165
169
19
229
126
301
131
274
112
250
107
100
239
122
273
120
257
249
112
278
131
257
126
282
112
209
41
210
201
305
152
20
149
99
227
125
228
45
192
10
142
313
101
265
115
290
66
251
127
312
157
18
175
269
136
306
80
171
78
305
149
252
124
229
12
178
277
129
122
219
219
125
304
85
298
206
31
220
45
239
119
247
46
40
226
48
262
136
281
127
266
128
261
123
214
215
220
53
30
174
264
120
220
41
244
46
269
94
224
41
191
184
44
240
34
214
203
212
38
198
57
243
116
232
68
79
239
66
286
69
278
111
256
109
206
102
239
39
203
302
303
137
151
314
155
309
212
71
235
66
228
11
134
267
124
292
115
254
66
53
222
214
42
242
42
183
185
45
236
46
37
209
33
117
256
128
264
126
239
125
24
231
233
45
241
234
91
243
250
112
120
248
112
265
113
101
238
33
206
26
233
54
196
307
144
20
164
314
152
135
256
249
106
256
129
6
220
50
245
114
270
112
287
190
44
193
182
281
57
248
45
217
51
249
113
284
67
206
16
153
24
144
170
71
259
129
253
34
219
87
244
110
246
244
116
292
173
22
174
33
182
19
210
211
33
239
109
264
49
268
96
110
270
135
3
154
29
27
219
42
149
14
310
124
289
112
280
117
99
246
116
123
256
138
281
59
253
121
261
261
117
217
81
146
14
169
282
62
253
132
302
282
114
246
107
129
145
21
17
138
303
91
221
109
251
151
298
144
306
210
79
233
226
54
229
49
205
107
124
266
48
198
52
263
83
86
101
243
50
218
307
4
218
118
216
27
199
54
230
58
229
127
240
231
44
221
51
65
246
88
202
20
48
266
132
295
194
33
157
26
186
19
196
294
285
190
43
187
161
1
132
120
213
222
50
228
60
253
125
266
112
193
45
221
42
237
29
240
82
242
105
5
123
264
122
140
20
183
303
148
158
306
145
295
144
74
257
119
290
124
258
46
232
42
213
215
115
253
254
49
220
35
28
172
19
170
254
119
257
77
93
126
261
34
232
127
261
129
121
222
3
162
313
150
168
34
177
12
226
32
228
51
67
235
33
185
302
208
26
238
76
288
70
211
313
127
263
123
1
22
200
211
112
276
121
245
87
187
302
125
291
190
91
259
117
249
121
244
58
231
225
5
130
109
212
39
242
97
213
36
223
45
243
243
84
244
100
237
45
47
226
126
314
162
260
84
262
43
184
25
208
111
255
115
246
56
230
236
124
224
39
225
95
242
133
274
60
272
110
213
21
146
20
186
283
136
16
17
152
269
110
267
101
91
80
302
120
61
234
239
111
252
73
172
24
12
183
17
167
267
47
228
237
73
282
186
109
265
42
227
52
42
29
214
51
55
265
127
110
273
48
202
298
126
248
123
213
213
203
28
155
143
306
303
130
103
240
116
289
117
252
120
86
187
37
222
83
261
253
122
305
121
226
33
208
32
185
87
76
258
137
262
87
191
294
146
23
145
132
251
100
105
203
95
114
288
115
129
263
136
280
174
180
26
149
162
312
104
240
234
26
232
231
230
13
146
297
184
16
159
158
4
164
175
282
135
301
129
270
282
143
127
131
302
302
307
208
58
269
122
314
216
29
238
43
223
46
213
108
252
65
68
174
21
190
48
223
53
52
222
37
230
52
50
269
139
11
230
50
251
71
181
278
111
217
48
219
38
258
133
279
61
168
32
43
225
53
224
27
205
212
102
313
156
304
2
217
42
234
23
212
104
241
125
289
190
290
285
118
273
123
108
266
51
56
238
115
252
66
176
15
136
308
157
282
113
253
119
134
245
123
221
49
44
248
143
21
201
98
201
47
268
114
220
124
249
99
238
113
118
248
115
113
286
129
240
105
205
65
171
11
6
123
137
264
255
118
116
248
30
179
23
158
271
113
254
122
259
118
223
34
259
123
260
118
72
238
33
218
37
208
215
122
247
107
239
35
216
38
52
229
55
275
51
257
252
60
245
45
240
107
216
212
114
264
86
197
85
105
128
236
109
215
33
207
194
291
176
88
263
165
14
181
196
87
129
296
198
211
66
234
22
230
238
103
202
96
246
44
192
283
189
45
222
214
38
170
22
141
126
57
163
25
149
295
188
45
188
50
207
296
196
97
200
205
34
262
124
293
183
167
10
124
254
133
241
101
312
160
6
132
292
141
270
111
213
43
182
27
49
219
40
208
219
210
106
206
302
127
249
244
112
219
124
251
111
275
281
131
9
148
29
41
214
313
160
276
125
128
142
7
154
30
36
204
103
201
39
29
239
76
259
46
235
114
244
126
237
93
81
180
299
298
124
282
281
111
240
30
26
179
297
297
122
268
42
267
130
275
125
117
251
150
21
6
127
293
290
125
223
52
219
114
278
64
47
214
25
216
225
15
138
244
123
239
79
257
123
114
257
254
63
224
3
167
171
30
236
111
211
116
220
49
213
224
13
116
233
23
208
28
197
29
54
268
172
191
42
240
125
224
220
51
218
30
162
72
256
107
254
117
248
52
25
232
23
231
120
285
115
294
142
5
133
132
275
123
222
39
209
35
227
42
182
79
72
232
57
69
206
309
100
202
277
131
272
113
237
27
54
277
140
25
218
43
153
306
151
150
19
147
22
202
17
113
281
112
169
8
115
127
269
111
264
167
67
230
50
277
60
282
128
267
95
308
7
171
285
114
211
40
221
123
297
128
240
246
102
240
41
225
116
246
255
154
26
205
199
91
244
114
283
68
51
269
55
279
135
10
121
254
124
307
139
13
180
38
34
212
22
143
82
261
46
242
112
123
268
130
252
76
187
300
130
2
310
306
189
181
282
102
89
220
1
213
35
211
122
218
49
204
209
36
124
270
146
312
155
138
258
119
286
146
24
212
36
53
229
50
264
40
245
94
240
106
124
255
61
283
112
252
154
8
177
77
237
124
240
83
124
141
21
15
173
20
142
271
61
253
116
250
123
238
42
212
110
258
78
235
122
249
122
264
47
212
114
260
137
256
134
139
136
10
8
167
34
267
112
291
211
34
24
191
193
26
23
135
133
295
122
244
134
259
121
228
46
193
57
245
106
242
114
257
112
223
33
213
114
113
255
125
246
141
276
174
14
175
86
200
93
194
37
229
224
11
7
131
269
34
229
109
269
119
260
76
283
144
304
135
266
96
237
239
126
255
133
122
245
104
92
244
108
270
119
252
122
288
69
272
171
12
147
14
137
12
10
132
148
313
161
163
66
233
44
247
48
178
80
256
78
170
10
229
229
125
257
110
211
108
226
14
145
285
61
167
69
60
48
226
