52
237
34
206
75
289
138
259
119
209
35
232
103
245
196
45
195
280
157
144
286
114
122
262
175
181
281
304
133
286
188
27
66
198
297
255
125
302
264
129
253
66
64
78
239
99
21
151
31
240
32
40
217
312
192
259
90
207
305
156
31
185
35
267
126
41
227
55
49
227
114
243
109
114
253
116
249
115
256
83
154
23
144
109
248
112
241
131
280
163
147
309
199
298
117
291
80
192
47
205
108
245
86
242
83
165
35
264
121
212
29
205
20
260
34
159
2
138
135
22
235
60
26
213
23
197
30
155
283
42
260
180
9
101
106
135
259
37
52
227
25
150
150
303
140
265
138
308
48
228
42
27
217
120
212
63
285
121
256
63
230
59
171
183
27
164
86
261
137
305
151
28
152
310
154
26
209
171
138
258
247
120
219
191
44
249
118
108
215
35
236
235
78
241
36
216
0
2
101
64
287
177
295
223
125
285
139
10
192
57
239
55
281
164
184
12
162
10
169
290
135
12
227
127
261
114
228
5
163
155
308
161
257
132
102
207
312
279
111
276
53
239
235
74
251
78
260
115
256
171
296
146
25
197
108
239
37
212
198
83
259
56
162
156
27
233
242
56
243
112
187
288
172
10
92
239
80
305
191
13
166
9
139
127
43
43
44
190
13
172
79
241
97
208
67
228
19
184
282
179
285
144
163
27
151
20
27
182
159
62
220
105
272
288
44
225
41
118
125
261
184
19
222
34
186
255
126
44
216
40
233
75
131
270
159
254
131
273
51
232
62
100
251
124
6
188
293
83
218
36
237
231
49
262
276
49
201
62
50
273
116
290
148
0
74
241
50
294
121
251
109
215
20
156
271
123
215
111
278
58
250
115
259
255
122
200
17
156
24
213
39
262
117
23
178
280
121
262
151
257
258
140
34
179
294
125
238
23
233
67
232
117
287
141
248
89
269
47
193
303
133
27
180
55
233
116
302
118
133
280
116
251
110
215
112
247
41
29
241
36
223
43
261
257
117
265
123
149
282
142
285
235
116
274
213
213
116
276
139
282
122
40
218
114
7
157
271
132
138
276
50
260
312
155
33
216
29
47
234
69
256
158
170
23
204
104
243
112
218
48
225
127
287
251
123
107
167
15
44
218
80
236
62
224
27
206
31
216
227
53
27
233
232
119
248
28
26
231
77
70
230
233
58
253
131
255
127
272
99
203
18
160
8
119
306
307
145
175
271
142
282
63
78
186
190
56
241
39
235
72
36
185
35
256
81
221
112
214
21
141
309
101
244
107
12
17
181
268
264
111
245
101
205
189
289
113
259
112
246
245
42
230
122
250
268
277
56
268
300
128
3
103
128
295
118
235
43
47
246
92
209
211
38
188
188
185
288
119
245
110
243
237
31
41
229
21
141
132
314
30
201
103
100
230
32
224
107
253
126
274
111
223
52
69
162
7
212
91
258
48
222
40
275
178
32
227
218
111
118
294
182
197
18
206
33
195
20
190
202
48
160
25
225
99
205
220
123
313
129
5
167
170
64
211
39
23
150
134
130
12
170
310
141
80
289
190
104
244
115
272
126
225
33
178
23
203
104
246
244
9
172
283
178
290
300
201
240
85
302
132
118
290
116
238
227
53
230
111
274
155
194
27
145
123
279
51
196
295
120
116
234
86
303
82
313
222
39
171
15
231
121
249
125
121
258
93
194
193
292
125
288
194
49
270
246
46
26
150
151
26
82
217
117
127
253
120
291
93
248
95
199
95
57
133
134
252
147
61
42
37
44
200
93
220
35
225
117
245
116
209
29
162
286
73
74
243
85
105
118
292
126
233
126
121
255
108
298
115
210
109
138
3
127
238
24
222
8
125
279
100
210
198
47
46
46
264
180
32
166
39
191
293
213
51
251
116
294
174
274
52
49
229
49
274
101
99
204
91
310
37
257
123
289
131
7
163
4
115
110
207
17
121
257
91
290
75
119
214
136
271
45
243
109
17
226
99
133
254
81
90
241
98
110
270
129
17
174
290
144
23
36
215
0
9
20
211
302
134
262
139
273
151
298
207
16
14
230
21
149
227
46
248
108
254
31
237
214
42
44
44
240
113
272
274
122
265
137
285
276
212
36
214
179
204
31
249
52
236
58
249
111
250
99
246
122
255
47
230
306
135
27
210
20
248
103
204
304
205
71
166
160
308
216
114
254
158
37
177
31
104
245
110
230
30
153
25
28
202
208
40
31
160
22
126
308
187
282
183
38
35
222
27
248
117
293
117
200
95
80
300
207
8
190
304
126
310
6
165
277
291
121
271
276
120
260
90
305
127
231
119
134
275
136
263
78
305
300
144
284
116
289
298
183
182
279
125
247
94
225
32
174
30
220
112
209
188
303
201
33
237
84
83
246
109
87
189
288
83
195
18
146
232
48
234
25
33
198
28
226
13
136
310
217
296
127
134
283
122
132
8
175
163
152
14
7
165
279
110
261
197
37
34
22
204
67
52
257
117
286
127
270
52
126
223
41
221
39
228
28
229
68
299
77
82
87
0
89
162
311
157
18
151
129
307
1
158
121
258
294
292
181
189
36
53
264
48
170
14
136
251
112
212
122
228
15
139
0
158
311
27
207
98
103
269
118
253
266
129
247
104
235
51
80
239
103
103
314
156
93
206
66
201
17
63
234
27
22
215
46
12
143
192
185
189
28
212
123
266
39
210
25
25
151
267
91
27
202
207
40
198
279
178
199
194
47
246
118
134
268
129
37
258
160
27
49
249
53
242
103
34
241
41
244
243
104
207
31
256
42
46
245
43
157
24
152
288
189
42
278
124
266
259
126
144
10
170
312
148
153
5
18
205
104
252
78
191
85
70
84
191
291
115
264
51
226
128
12
144
269
45
242
28
17
171
278
231
159
27
47
187
85
241
52
231
51
238
36
24
147
156
34
210
110
240
108
256
122
223
217
6
131
121
302
212
115
2
68
286
76
255
130
138
302
208
13
30
175
78
247
114
104
252
119
240
114
278
88
265
49
272
182
171
172
263
137
17
180
302
136
297
195
3
125
41
49
215
9
198
18
125
8
218
29
226
38
208
27
53
229
95
294
10
222
47
272
296
212
32
243
101
208
18
228
8
122
225
14
13
140
141
142
166
58
56
274
127
264
150
252
126
8
154
30
218
108
138
2
215
117
239
162
218
314
157
168
266
57
44
255
139
272
138
245
107
126
49
222
117
248
70
280
135
169
170
282
160
256
118
219
106
121
110
9
193
298
155
29
213
193
37
190
147
269
123
239
33
258
167
307
126
300
301
151
312
87
259
40
220
3
162
295
289
63
245
101
266
54
274
45
58
199
45
260
2
129
238
235
29
159
292
130
252
244
47
247
72
177
41
180
162
0
27
177
11
61
233
242
47
203
303
119
225
215
74
274
153
27
1
135
276
63
78
291
83
63
235
109
141
16
52
311
155
84
101
101
205
303
135
11
125
301
124
243
85
34
173
172
39
181
301
141
160
257
34
253
47
245
130
264
261
118
260
129
269
88
15
166
156
10
133
296
127
254
66
77
260
140
306
204
34
208
112
271
128
271
271
133
299
150
241
236
244
45
238
127
260
188
204
303
158
172
274
51
267
40
181
183
43
239
132
35
263
50
259
79
295
197
5
164
272
174
27
190
302
147
133
304
202
301
304
289
179
35
191
120
284
178
164
226
113
273
182
188
296
305
138
4
135
266
128
114
218
295
134
17
170
59
56
247
71
60
276
245
89
185
34
168
268
268
53
249
113
214
118
307
211
37
162
273
272
184
204
205
308
150
311
194
270
135
218
46
220
31
82
239
239
59
98
270
126
288
282
58
231
42
218
50
288
178
286
287
115
291
300
230
39
270
144
146
105
283
279
165
263
129
36
246
103
312
2
150
121
288
190
29
63
284
186
76
212
121
219
35
224
116
234
7
135
135
130
146
299
135
257
92
169
10
100
243
111
148
22
197
214
204
281
61
187
39
236
222
31
206
107
120
269
144
287
77
23
208
109
213
98
113
212
113
283
162
66
213
31
178
181
285
169
18
171
269
157
308
45
227
54
86
195
295
296
184
34
147
227
34
257
255
132
264
125
264
37
178
36
266
109
205
30
31
32
154
165
30
108
216
205
110
219
91
246
40
156
29
207
62
233
80
21
190
35
206
45
247
70
180
26
164
6
148
17
229
73
99
106
215
114
113
258
106
203
104
159
25
198
90
77
91
244
46
278
121
297
280
181
231
125
277
181
86
292
138
279
59
125
257
113
188
278
128
146
156
312
131
159
31
112
263
83
118
259
125
221
117
103
79
69
234
56
237
112
108
238
80
126
273
55
193
7
17
226
44
230
15
257
254
67
85
97
236
240
119
269
256
114
244
138
255
120
132
270
81
230
59
129
306
290
177
272
53
53
226
53
243
241
77
115
102
205
24
20
169
215
42
197
83
80
32
182
18
39
208
104
238
120
136
246
130
259
298
147
278
54
241
84
173
165
111
267
273
140
25
180
25
217
9
171
20
189
17
99
233
37
224
54
226
150
305
121
255
46
216
225
34
213
181
279
117
210
105
244
295
277
53
231
46
225
182
299
293
116
248
228
100
207
20
32
214
110
277
165
181
282
134
310
160
111
233
57
282
145
261
259
47
228
166
263
135
152
19
204
32
17
204
33
166
3
54
231
65
65
310
218
288
282
55
223
39
237
79
39
214
225
226
44
232
6
225
48
117
301
219
37
215
104
88
29
187
286
57
230
17
209
108
249
23
175
293
51
220
82
68
166
2
82
81
296
144
21
236
78
168
177
198
26
32
202
96
256
120
301
141
253
250
60
280
59
247
115
242
38
32
42
220
46
134
14
143
247
60
201
295
146
116
251
185
21
176
8
130
147
8
127
262
120
254
88
77
254
123
261
242
131
8
126
266
170
26
238
190
291
161
157
32
169
36
28
238
30
209
34
192
182
267
53
200
48
259
123
104
268
120
252
120
303
160
155
25
223
12
141
81
244
49
232
66
122
107
208
108
81
238
38
127
133
12
200
88
233
76
277
170
33
193
105
100
277
167
272
126
148
246
109
236
69
236
104
228
226
12
228
125
285
70
64
122
259
128
149
39
134
134
257
39
218
35
204
111
257
121
295
212
223
24
173
17
170
18
148
32
218
303
4
225
12
17
224
42
221
223
42
65
242
51
281
125
298
123
255
245
212
31
247
239
105
205
210
40
138
11
3
223
56
262
133
60
242
102
31
224
43
235
123
113
238
55
225
39
157
45
272
126
253
123
249
36
220
40
32
176
37
225
50
145
313
163
268
253
114
78
240
279
61
263
132
288
112
266
153
159
192
25
38
211
24
161
262
121
260
114
5
7
145
1
163
171
270
103
237
71
26
176
244
117
103
171
32
248
62
302
139
4
165
26
148
147
308
158
304
149
15
175
215
37
223
284
62
244
71
280
63
74
179
279
170
159
39
213
313
125
85
96
196
199
159
145
308
143
142
128
273
212
114
236
62
125
269
135
253
44
185
92
307
74
234
39
220
305
81
236
29
210
113
293
180
181
24
246
55
254
156
13
168
2
296
80
99
199
302
90
246
70
256
121
274
95
239
29
204
16
4
173
118
264
93
89
249
244
42
38
229
57
26
204
24
141
267
112
285
186
195
61
160
5
4
244
105
237
75
68
128
19
141
1
154
112
126
239
103
92
202
15
133
112
286
140
222
40
182
175
76
303
210
310
8
12
203
34
161
30
203
305
211
30
251
169
19
131
126
265
87
188
112
250
107
115
239
122
273
272
267
249
112
9
131
66
126
282
112
209
28
39
201
305
152
20
212
45
240
116
228
45
213
310
142
313
101
282
140
289
141
251
112
9
176
73
175
289
136
261
38
171
155
305
151
252
86
16
182
178
277
129
2
32
219
125
304
300
298
186
31
220
45
40
119
247
46
40
224
48
274
136
306
211
106
128
251
33
214
9
227
53
31
174
259
120
220
41
244
99
269
94
228
41
20
184
44
245
143
308
310
157
29
42
132
243
116
97
68
79
239
74
299
141
114
279
130
304
206
30
239
36
203
307
303
137
151
314
155
309
161
71
235
66
282
299
134
267
204
106
115
182
36
53
222
214
42
242
42
39
185
98
236
46
37
209
4
129
256
128
264
126
239
125
71
231
233
231
36
240
81
257
250
114
120
248
112
242
113
91
82
101
206
26
233
53
61
304
144
153
140
146
152
135
256
241
106
126
129
6
215
3
308
49
270
182
282
153
47
270
128
281
203
206
108
217
51
249
61
284
174
166
16
153
24
144
289
173
259
129
295
90
223
87
189
85
42
244
116
146
17
22
174
33
164
174
279
211
111
239
113
224
57
264
100
110
277
135
3
190
186
27
219
42
149
310
310
124
289
73
34
178
14
144
116
123
286
286
281
59
253
115
115
285
276
128
312
143
28
153
298
54
280
132
304
191
114
246
107
101
145
21
17
138
13
185
242
109
270
58
155
310
306
146
79
233
226
9
229
45
205
94
141
266
48
101
87
263
253
110
209
214
19
136
251
4
218
118
216
28
212
54
230
121
229
96
240
225
44
222
51
67
177
88
69
20
146
266
132
98
194
189
191
26
163
19
196
308
200
32
43
217
161
16
132
120
213
222
50
238
60
253
49
266
122
54
46
221
89
237
43
240
82
242
106
262
123
264
147
141
20
183
36
148
134
306
150
295
144
304
257
119
290
124
224
46
294
301
208
100
115
234
57
49
220
122
271
172
284
146
254
119
257
77
297
126
261
33
63
127
257
129
42
222
3
162
27
150
40
191
177
12
130
32
228
215
30
216
180
185
302
124
96
238
76
288
70
211
313
11
131
268
156
22
134
271
112
297
187
82
182
187
274
125
291
96
99
259
117
249
121
244
58
105
219
5
314
307
212
39
242
32
213
36
223
91
243
277
134
12
100
237
58
221
226
126
314
164
260
134
262
122
12
27
226
111
255
87
69
56
230
215
124
264
58
225
50
242
36
208
60
272
171
191
286
146
20
186
283
143
16
17
51
243
39
267
101
135
297
302
150
79
234
85
111
252
73
241
100
111
183
17
167
267
47
228
43
73
300
186
188
92
126
227
52
22
187
214
51
271
278
127
129
273
199
202
298
126
248
123
43
193
197
28
155
143
306
303
130
103
10
116
289
117
252
120
297
185
37
208
83
261
127
140
305
121
228
109
208
17
6
148
45
258
137
300
90
68
294
146
29
305
130
309
76
105
203
16
114
288
54
275
263
146
11
174
180
26
149
162
312
104
240
35
26
232
231
18
11
220
297
191
43
277
128
4
164
178
282
135
301
131
25
52
236
127
309
203
302
245
102
171
12
195
23
216
34
238
43
270
121
241
108
252
65
167
174
21
212
48
269
53
231
62
52
230
241
113
269
139
11
18
50
251
71
65
278
111
217
48
219
7
307
133
279
59
168
22
311
269
53
224
302
205
61
126
228
305
304
184
187
42
234
23
212
104
302
129
289
190
290
285
118
309
130
131
266
276
56
249
135
5
182
176
292
136
5
157
305
113
253
108
134
245
112
149
38
44
248
45
210
210
98
201
47
241
99
220
124
249
246
238
109
259
248
115
113
286
129
0
52
47
16
171
9
58
232
21
264
131
118
256
248
30
179
23
158
82
82
237
10
15
147
172
34
259
123
274
162
28
238
25
218
307
306
215
122
203
107
239
35
44
38
148
5
162
275
202
100
252
129
245
104
240
27
216
117
114
264
263
87
234
0
128
135
254
36
33
17
194
295
86
88
303
141
14
85
196
13
129
296
198
211
34
234
22
230
238
103
93
130
246
105
140
283
60
45
222
36
38
170
22
37
273
276
121
109
149
150
66
45
188
50
207
296
196
97
290
180
93
262
124
285
183
167
10
124
246
101
241
92
198
194
6
132
104
141
270
111
253
43
182
195
42
219
40
229
219
122
32
206
302
127
103
244
112
219
111
260
111
275
265
131
183
37
221
271
120
313
160
276
116
128
9
310
148
30
39
204
103
226
39
101
239
51
259
64
235
118
244
126
248
97
81
180
299
314
309
115
281
113
240
30
26
179
297
297
122
236
56
57
244
266
125
117
251
150
13
14
126
293
78
125
228
52
219
137
278
64
77
214
119
216
210
15
107
244
85
89
243
257
264
64
257
34
42
133
3
167
246
68
236
111
207
303
220
49
39
224
13
116
233
248
121
12
175
29
54
268
259
269
116
240
243
117
220
314
150
30
175
28
93
107
254
66
248
257
82
232
23
214
120
285
136
294
69
306
314
138
275
123
222
39
46
35
192
42
182
28
72
232
57
226
206
309
100
202
277
203
29
219
40
27
139
277
140
31
245
43
218
306
151
132
290
194
22
152
17
113
281
279
144
8
9
127
269
61
275
167
35
230
50
248
60
282
128
267
277
128
7
138
285
114
211
40
89
240
236
84
240
236
61
223
41
225
52
246
255
175
100
205
233
65
244
129
252
68
51
267
55
279
135
247
121
82
124
300
219
305
182
227
42
212
112
164
265
270
46
242
135
111
268
130
252
76
187
300
130
92
310
306
189
169
282
291
211
220
1
132
307
211
122
218
49
204
188
36
124
270
110
312
155
307
259
137
285
194
25
212
36
53
229
50
181
40
245
94
233
106
127
255
134
278
112
29
173
35
67
61
292
124
240
28
124
141
292
15
173
14
142
18
174
253
116
236
76
156
170
104
110
234
37
235
122
249
144
264
107
212
34
134
137
256
125
119
23
10
180
167
141
288
219
28
211
34
24
191
42
22
6
309
133
295
114
246
134
243
121
250
46
42
57
225
98
242
114
267
112
223
33
213
114
113
255
125
247
129
276
174
14
136
86
184
282
194
37
216
136
9
141
146
269
110
229
109
269
142
260
120
283
144
133
135
266
169
75
239
126
255
133
34
216
212
117
253
140
270
109
253
61
255
69
251
150
276
147
14
169
12
10
132
109
313
161
57
83
233
44
260
33
58
80
256
60
170
11
299
117
125
257
110
219
219
226
14
166
285
61
66
69
86
98
85
