52
237
34
206
75
289
138
259
121
209
114
232
114
98
43
45
195
304
157
144
286
114
122
262
175
181
281
304
67
286
188
27
66
198
297
255
125
108
264
129
253
67
64
78
239
99
21
151
31
240
32
40
217
312
91
269
64
207
305
156
31
223
35
267
126
10
227
55
49
227
114
243
109
114
253
116
249
115
256
83
177
23
229
109
248
112
241
131
280
163
147
309
199
298
117
291
80
192
47
205
108
245
86
242
83
165
35
264
110
212
29
205
20
200
34
159
10
138
135
120
235
60
26
213
23
197
30
155
283
140
295
180
9
101
10
135
259
37
213
227
51
150
150
307
140
265
138
223
48
228
42
27
217
120
212
63
285
121
256
63
230
59
171
183
27
164
86
261
137
305
151
28
152
310
154
309
209
171
138
258
247
120
301
191
44
249
118
108
215
35
236
235
88
241
36
216
0
2
101
64
287
177
5
223
125
285
139
10
227
57
239
55
281
164
184
26
162
10
169
290
135
12
227
49
261
114
228
5
163
155
308
161
257
132
102
207
179
273
111
276
53
67
235
74
251
78
260
115
256
131
251
146
25
197
47
239
37
212
198
83
259
56
162
156
27
233
242
56
232
112
187
288
172
10
92
239
80
305
191
276
166
9
139
244
43
43
44
190
13
172
79
241
97
208
67
228
19
184
282
166
9
144
163
27
151
20
27
182
159
312
220
55
272
55
44
225
41
235
125
261
184
38
222
34
169
255
40
44
216
40
233
75
131
270
159
254
131
273
51
232
62
100
251
124
6
134
293
83
218
36
237
231
49
262
276
49
201
62
50
278
116
290
124
248
74
241
50
294
121
251
109
215
20
156
309
123
258
111
278
58
250
115
259
131
91
200
17
156
24
213
39
262
145
23
178
280
121
262
39
53
258
140
34
179
294
125
238
23
233
67
234
117
287
119
248
89
219
47
193
303
133
47
224
55
233
116
274
118
133
280
116
251
110
215
112
247
147
29
241
36
214
43
261
257
117
219
123
113
282
142
285
212
116
274
209
213
116
276
139
265
122
40
218
114
255
157
271
132
138
276
50
216
36
155
33
216
218
47
234
69
232
74
170
23
207
104
243
112
218
48
254
73
287
294
123
250
167
15
44
218
80
236
62
224
34
206
31
216
227
53
47
233
232
119
248
111
26
231
77
70
230
233
58
253
131
255
127
272
100
203
18
160
8
119
306
307
145
175
271
142
282
63
78
284
190
54
241
39
235
72
36
185
35
256
81
281
112
214
21
142
309
101
244
107
208
17
181
296
251
111
245
101
205
189
289
113
232
112
246
245
42
230
122
250
72
180
113
268
260
128
3
103
128
295
118
235
30
47
246
92
209
211
38
213
188
185
288
119
245
110
243
237
31
41
229
21
141
132
314
207
201
103
125
230
64
284
107
253
126
274
111
223
52
261
162
7
212
91
195
48
222
40
275
178
32
227
110
111
118
294
84
197
18
229
33
195
20
190
202
101
160
25
199
99
205
220
123
269
129
5
167
170
64
211
39
23
150
135
130
12
170
79
141
139
289
190
104
244
115
272
126
225
33
178
23
203
104
246
244
58
172
283
178
290
187
102
240
85
302
132
118
290
116
238
227
53
230
111
274
155
194
27
145
135
261
51
196
295
120
76
234
86
303
122
313
222
39
171
15
231
121
249
125
128
258
93
194
193
292
125
288
194
49
270
246
46
26
150
151
26
38
217
117
127
253
120
263
102
248
95
199
95
273
35
134
252
113
263
42
37
44
217
93
221
35
225
117
245
116
209
29
162
286
73
74
83
85
105
118
292
126
241
118
254
255
108
212
200
210
109
142
290
127
238
24
222
8
125
126
100
210
198
47
46
46
264
180
32
166
288
191
293
213
51
251
116
294
174
274
52
49
224
49
274
101
99
204
200
310
157
257
123
289
131
7
163
4
115
110
207
17
121
257
91
310
256
119
214
136
271
45
265
109
216
226
99
133
254
81
90
241
98
110
240
129
17
174
290
144
23
36
215
0
9
20
211
302
134
262
139
273
151
298
207
16
14
230
21
29
227
46
248
108
254
31
237
127
261
122
44
240
113
113
274
122
265
137
285
276
47
227
214
4
204
31
249
52
236
58
249
111
250
98
246
122
255
47
230
152
135
27
210
122
248
103
204
304
205
71
166
160
308
216
114
254
158
37
177
31
104
245
110
230
30
153
25
28
202
208
40
31
160
22
126
80
187
282
183
38
35
222
49
248
117
293
117
200
95
80
300
207
111
190
304
126
310
1
165
0
291
121
271
257
120
260
90
108
127
299
119
134
275
110
263
78
305
300
141
284
116
135
298
183
182
279
125
247
124
225
32
239
30
210
112
295
188
303
201
33
237
84
83
246
109
101
116
288
83
192
18
126
232
48
234
25
33
209
28
226
13
136
310
217
41
127
276
283
122
132
8
175
163
152
14
7
165
263
110
272
197
260
34
22
204
67
61
233
117
286
127
270
52
126
223
41
221
39
228
28
229
68
299
77
82
87
0
2
162
311
157
18
142
8
103
210
213
121
220
294
292
181
189
36
53
264
157
313
14
136
251
112
212
122
228
15
139
0
158
155
27
207
207
103
269
118
102
266
129
247
117
235
51
32
239
103
241
314
156
93
238
66
201
17
63
234
27
22
215
47
12
143
192
185
189
28
212
123
266
39
210
25
25
151
267
91
27
202
207
40
198
279
169
17
194
47
246
118
134
268
129
50
258
161
27
49
249
250
242
103
34
241
122
244
243
104
207
31
256
42
46
245
43
154
24
152
288
189
42
278
124
266
259
126
144
10
134
312
148
141
5
18
205
104
252
78
191
85
70
84
191
291
115
264
51
226
295
12
144
269
45
242
85
17
171
278
196
159
27
47
187
44
241
52
231
51
238
36
24
147
156
34
210
110
240
108
256
122
223
217
6
131
121
302
212
115
2
142
286
76
255
130
138
299
184
13
173
175
78
247
114
104
252
119
240
114
272
274
265
50
272
182
171
172
263
137
17
180
302
136
297
195
3
125
217
49
215
31
198
18
125
307
218
29
226
38
208
27
53
229
95
260
38
222
47
272
159
212
32
243
106
208
18
228
8
122
225
14
13
137
141
142
166
58
56
274
127
264
150
252
126
238
154
30
247
108
138
2
215
117
239
98
218
314
157
168
266
35
44
255
132
272
138
245
107
217
49
222
117
248
70
280
135
157
170
282
133
256
118
219
106
121
292
9
193
41
155
29
213
214
37
130
147
221
123
239
33
258
118
307
126
300
301
151
312
87
259
40
220
3
105
295
289
63
245
101
266
54
274
45
58
199
45
260
266
129
238
235
29
189
309
130
241
243
47
247
128
237
28
180
161
30
27
177
73
61
233
242
47
225
302
119
225
215
74
160
153
312
1
135
276
63
78
291
83
63
235
28
141
16
308
311
155
1
101
98
205
303
135
11
125
297
124
243
240
34
173
172
39
181
301
141
160
257
34
253
106
245
130
264
261
118
260
129
269
187
15
151
156
10
133
296
127
254
115
77
260
140
306
204
34
208
112
290
128
271
271
133
299
150
241
56
244
45
238
127
260
188
204
303
158
270
274
51
267
40
35
183
43
221
222
35
263
130
259
79
295
197
5
164
272
174
27
190
302
147
133
304
202
301
304
289
179
35
263
120
284
178
115
226
113
273
182
188
296
305
138
4
135
266
128
114
126
269
134
284
170
276
116
247
50
60
276
245
89
185
34
168
268
268
53
249
113
214
118
307
211
37
162
273
272
184
38
207
308
150
32
54
270
135
218
46
220
31
34
239
84
59
35
270
126
115
282
58
231
42
218
50
288
178
286
287
115
291
290
214
39
270
144
146
285
283
139
48
263
129
36
246
103
312
2
297
121
288
190
29
63
284
186
301
212
121
219
41
224
48
203
7
135
135
130
293
299
135
257
92
196
10
100
243
111
148
22
197
288
129
280
61
245
39
236
222
31
206
107
120
269
144
308
226
15
208
109
213
217
113
212
113
283
62
66
213
31
178
181
285
169
24
171
269
157
29
45
227
54
59
195
295
296
184
34
147
227
34
257
255
132
264
125
264
37
178
36
266
109
205
30
31
32
154
165
4
108
216
205
104
106
91
246
40
236
29
207
62
233
80
21
190
35
187
45
247
70
180
26
164
6
148
17
229
73
99
106
215
114
113
258
106
203
104
159
25
198
90
200
91
244
132
278
121
273
280
181
262
125
277
181
86
99
138
279
59
125
257
113
278
278
128
146
156
312
131
7
254
112
263
250
118
259
125
221
117
256
79
69
234
56
196
112
108
238
80
173
273
55
193
7
17
226
44
230
15
142
254
67
85
97
236
240
65
39
256
114
244
138
255
120
132
310
81
230
59
129
306
290
177
272
53
53
226
53
243
55
236
243
102
205
24
20
169
215
42
197
60
80
32
182
18
39
208
104
238
120
136
246
130
292
142
61
278
54
241
84
173
165
111
267
153
140
25
233
25
217
9
171
20
189
89
70
233
37
224
54
226
150
305
121
255
46
216
225
34
213
181
279
117
249
105
244
61
277
53
231
46
225
88
299
293
116
126
228
100
207
35
32
214
48
277
165
181
282
160
310
160
28
233
57
282
145
261
259
47
228
166
263
135
152
19
204
32
17
204
33
166
3
54
231
228
127
310
218
288
276
55
223
39
237
79
39
214
225
215
44
232
6
225
48
117
301
219
37
215
104
88
42
187
286
115
230
17
209
108
249
23
175
293
123
262
82
68
166
2
129
81
296
144
21
236
78
168
21
198
26
32
202
33
256
120
271
110
246
250
60
280
59
247
115
242
38
32
42
220
299
125
14
143
247
60
278
295
145
116
251
63
21
176
8
130
147
8
127
262
120
254
88
77
254
123
261
242
131
263
126
266
67
210
43
190
160
161
157
32
235
36
28
238
30
209
34
192
182
267
93
200
48
259
123
104
268
120
252
120
258
160
155
154
14
12
141
48
244
49
232
217
122
107
208
108
122
238
38
127
133
12
1
88
233
51
277
170
33
193
273
100
277
167
234
126
107
248
109
236
69
236
104
228
224
12
228
115
285
70
284
122
259
128
149
9
134
134
257
39
218
35
204
111
257
121
304
212
223
24
173
17
170
18
148
32
218
121
4
225
12
222
224
42
221
223
42
51
242
109
281
125
298
123
106
245
235
31
247
239
105
205
210
40
138
11
3
223
39
262
133
60
242
102
31
224
43
235
123
113
238
55
225
39
157
45
272
126
253
123
249
36
220
40
32
176
37
225
50
49
313
163
130
253
129
78
240
98
275
263
132
258
125
266
153
159
158
25
38
233
24
168
262
121
260
114
5
7
145
1
163
171
270
103
237
71
277
176
93
117
103
216
32
252
62
246
139
4
165
26
148
147
308
158
304
149
15
203
215
37
223
284
62
244
71
280
63
74
179
279
170
159
39
213
313
125
85
96
196
199
32
145
308
143
142
128
273
120
114
236
101
125
269
135
253
44
185
154
307
74
234
39
220
305
81
236
29
210
113
293
180
181
38
48
55
254
156
13
168
2
240
122
218
199
302
90
246
70
256
121
274
95
239
29
204
16
4
223
118
245
93
246
249
244
42
38
229
57
201
204
24
141
244
112
285
186
167
166
160
5
135
244
105
237
75
287
128
19
141
1
154
112
126
239
103
92
202
15
133
112
286
114
222
40
182
175
76
300
150
310
8
12
203
34
161
30
203
17
211
30
251
169
19
231
126
265
87
6
112
250
107
115
239
122
273
43
267
249
112
278
131
66
126
282
112
209
28
39
201
305
152
20
198
45
240
125
228
45
213
310
142
313
101
282
140
289
141
251
112
9
176
186
175
289
136
261
81
171
155
305
151
252
124
16
182
178
277
129
122
32
219
125
304
85
298
186
31
220
45
239
119
247
46
40
224
48
274
136
305
211
106
128
251
33
214
211
224
53
31
174
259
120
220
41
244
99
269
94
228
41
20
184
44
245
143
308
310
157
38
180
132
243
116
97
68
79
239
74
286
140
275
111
130
109
206
30
239
36
203
307
303
137
151
314
155
309
212
71
235
66
282
11
134
267
127
106
115
182
36
53
222
214
42
242
42
39
185
46
236
46
37
209
4
129
256
128
264
126
239
125
71
231
233
45
36
240
81
257
250
114
120
248
112
242
113
101
82
101
206
26
233
53
84
307
144
153
140
314
152
135
256
249
106
126
129
6
220
3
308
49
270
112
282
190
47
270
128
281
57
206
108
217
51
249
61
284
174
166
16
153
24
144
289
71
259
129
94
34
223
87
189
85
111
244
116
292
17
22
174
33
187
174
177
211
111
239
109
224
57
268
96
110
277
135
3
190
197
27
219
42
149
310
310
124
289
73
34
178
14
246
116
123
256
286
281
59
253
115
115
285
117
128
312
146
28
169
162
62
280
132
304
310
114
246
107
109
145
21
17
138
13
185
221
109
270
58
155
310
306
146
79
233
226
54
229
49
205
107
141
266
48
101
87
263
83
81
209
214
19
136
251
4
218
118
216
28
167
54
230
121
229
54
240
231
44
222
51
67
177
88
143
20
146
266
132
295
194
189
191
26
163
19
196
294
200
32
43
217
161
16
132
120
213
222
50
238
60
253
49
266
53
54
45
221
89
237
43
240
82
242
106
262
123
264
122
140
20
183
299
148
134
306
150
295
144
74
257
119
290
124
224
46
232
301
208
100
115
253
57
49
220
122
271
172
19
146
254
119
257
77
297
126
261
33
232
127
257
129
116
222
3
162
27
150
40
191
177
12
226
32
228
51
30
188
32
185
302
80
96
238
76
288
70
211
313
127
263
268
156
22
200
271
112
297
187
82
182
187
274
125
291
96
80
259
117
249
121
244
58
76
219
5
130
17
212
39
242
32
213
36
223
45
243
242
84
244
100
237
47
221
226
126
314
164
260
134
262
47
184
190
208
111
255
87
246
56
230
305
124
264
39
225
50
242
36
208
60
272
171
191
286
146
20
186
283
143
16
17
51
243
110
267
101
135
297
302
150
61
234
85
111
252
73
87
100
111
183
17
167
267
47
228
43
73
282
186
188
263
126
227
52
22
187
214
51
271
278
127
129
273
199
202
298
126
248
123
213
193
197
28
155
143
306
303
130
103
281
116
289
117
252
120
297
185
37
222
83
261
127
140
305
121
242
34
208
32
185
148
268
258
137
262
90
87
294
146
272
305
130
273
103
105
203
95
114
288
115
34
263
146
11
174
180
26
149
162
312
104
240
35
26
232
231
18
11
193
297
191
43
231
128
4
164
178
282
135
301
131
296
240
236
127
309
203
302
245
102
171
12
195
314
216
34
238
43
223
121
241
108
252
65
167
174
21
212
48
269
53
231
222
52
230
241
111
269
139
11
18
50
251
71
65
278
111
217
48
219
7
307
133
279
59
168
22
28
269
53
224
302
205
61
126
313
156
304
184
187
42
234
23
212
104
302
129
289
190
290
285
118
290
123
131
266
276
56
238
115
252
88
176
15
136
308
157
305
113
253
108
134
245
112
259
38
44
248
45
21
210
98
201
47
241
99
220
124
249
246
238
109
259
248
115
113
286
129
0
96
205
62
171
9
69
232
21
264
131
118
256
248
30
179
23
158
82
82
237
57
15
169
172
34
259
123
263
162
28
238
25
218
307
208
215
122
128
107
239
35
216
38
61
229
126
275
202
100
252
129
245
104
240
27
216
117
114
264
86
87
79
2
128
115
254
258
33
184
194
291
79
88
303
141
14
181
196
87
129
296
198
211
34
234
22
230
238
103
120
66
246
105
140
283
60
45
222
36
38
170
22
37
273
276
121
109
149
150
161
45
188
50
207
296
196
97
290
180
34
262
124
285
183
167
10
124
246
101
241
92
198
17
6
132
145
141
270
111
253
43
182
195
42
219
40
229
219
122
106
206
302
127
251
244
112
219
111
260
111
275
265
131
2
37
150
75
214
313
160
276
125
142
9
310
148
30
217
204
103
226
39
101
239
76
259
46
235
114
244
126
248
97
81
180
299
314
104
115
281
114
240
30
26
179
297
297
122
268
56
267
121
266
125
117
251
150
13
14
126
293
290
125
228
52
219
104
278
64
47
214
119
216
210
15
107
244
86
89
243
257
48
64
257
254
42
188
3
167
77
30
236
111
127
116
220
49
39
224
13
116
233
23
121
12
175
29
54
268
172
191
42
240
243
117
220
314
150
30
175
10
256
107
254
66
248
52
82
232
23
214
120
285
136
294
69
306
314
138
275
123
222
39
209
35
192
42
182
28
72
232
57
69
206
309
100
202
277
131
29
219
40
27
54
277
140
31
245
43
218
306
151
132
290
194
22
152
17
113
281
279
169
8
14
127
269
117
275
167
35
230
50
248
60
282
128
267
292
128
7
138
285
114
211
40
89
240
236
84
240
236
61
223
41
225
116
246
255
178
26
205
165
65
244
129
252
68
51
269
55
279
135
247
121
82
124
300
139
14
182
181
42
212
80
81
265
270
46
242
112
111
268
130
252
76
187
300
130
2
310
306
189
169
282
291
211
220
1
132
35
211
122
218
49
204
188
36
124
270
110
312
155
163
259
119
285
194
25
212
36
53
229
50
181
40
245
94
240
106
124
255
134
278
112
252
173
35
163
113
292
124
240
28
124
141
21
15
173
14
142
18
174
253
116
236
76
263
32
161
110
234
78
235
122
249
144
264
107
212
34
134
137
256
125
119
23
10
8
167
141
288
113
28
211
34
24
191
172
22
138
135
133
295
122
246
134
243
121
250
46
193
57
245
98
242
114
267
112
223
33
213
114
113
255
125
247
141
276
174
14
136
86
197
192
194
37
229
51
9
141
131
269
35
229
109
269
119
260
120
283
144
304
135
266
169
75
239
126
255
133
122
216
212
117
244
140
270
119
253
122
255
69
251
49
12
147
14
169
12
10
132
9
313
161
57
66
233
44
260
33
168
80
256
60
170
11
10
117
125
257
110
211
219
226
14
166
285
61
167
69
86
98
202
