66
237
34
231
114
289
138
259
121
290
114
232
114
98
38
45
195
304
157
144
286
114
122
262
175
181
281
64
67
286
188
76
61
198
297
132
125
85
264
129
253
67
64
78
239
99
21
151
31
240
32
40
217
312
91
72
64
207
305
156
31
223
35
226
126
8
227
55
49
280
114
243
109
114
253
116
249
115
256
83
177
23
151
109
248
112
241
131
280
163
157
309
199
298
117
291
80
192
47
205
108
245
86
242
83
195
35
264
110
212
29
205
20
200
34
159
10
138
135
120
235
60
123
213
23
197
30
155
283
140
295
180
9
101
120
135
259
37
50
227
51
161
150
307
140
265
138
223
48
228
42
27
217
120
212
63
285
121
256
63
230
59
74
183
27
220
86
261
137
305
151
28
152
310
154
309
209
15
18
115
247
120
299
186
44
249
118
108
215
35
236
105
88
241
36
216
0
2
96
64
287
114
5
223
125
272
139
10
228
57
197
55
274
164
184
26
162
10
169
290
135
12
227
49
261
114
244
314
163
155
308
161
257
88
71
295
179
273
111
276
53
79
235
74
251
78
288
115
256
131
251
146
25
197
47
239
37
212
198
83
259
6
162
173
27
233
242
56
232
112
271
288
172
10
143
96
80
305
94
276
166
9
139
244
43
191
44
190
13
172
79
241
97
208
67
228
19
184
282
166
9
144
163
27
151
20
27
182
159
312
220
55
272
55
44
225
41
235
125
261
75
38
222
34
256
255
40
44
216
40
233
75
131
270
160
254
131
273
51
232
62
100
265
124
6
134
293
119
218
36
237
231
49
262
276
49
201
62
50
257
116
242
124
248
91
241
123
294
121
251
109
215
20
156
309
123
258
111
278
58
250
115
259
131
91
200
17
156
24
213
39
274
145
23
172
280
121
262
33
53
258
140
8
143
294
125
238
23
233
67
234
117
287
119
248
89
219
47
193
303
133
112
224
55
233
116
274
118
133
280
116
251
110
215
112
247
147
29
218
40
214
43
261
257
117
219
123
113
282
142
285
283
116
274
113
213
116
134
125
257
261
40
214
114
255
157
271
280
138
276
50
216
36
155
33
216
218
47
234
69
232
74
170
23
207
104
243
112
218
48
254
73
287
294
123
250
167
15
44
218
80
236
23
173
34
238
31
216
227
53
47
225
11
119
248
111
124
231
77
70
230
233
58
253
131
255
119
272
100
203
18
160
8
119
306
307
145
273
271
153
282
63
78
284
190
54
241
39
235
72
36
185
35
256
160
281
112
214
21
142
309
101
244
107
208
17
181
296
251
111
245
313
205
189
289
113
232
112
246
245
42
230
122
250
72
180
113
268
260
128
3
103
128
295
118
235
30
47
246
92
209
211
38
213
188
185
288
119
253
110
243
237
31
41
229
21
141
132
314
207
201
312
125
230
64
284
112
253
126
274
111
223
52
261
162
2
125
91
195
48
222
40
275
178
32
227
110
111
118
294
84
197
18
229
33
195
20
190
202
101
160
25
199
99
205
220
123
242
129
5
167
173
64
211
39
23
150
135
133
12
170
79
141
139
289
190
104
244
108
272
126
225
33
178
23
203
104
246
244
58
172
283
178
290
187
102
240
85
302
132
118
290
116
238
227
53
230
111
274
155
194
27
145
135
261
51
196
295
120
76
234
86
303
122
54
222
36
171
15
231
121
249
125
128
258
93
194
193
292
125
288
194
106
117
246
46
26
150
151
26
38
217
117
127
253
120
263
102
248
95
199
95
273
35
134
252
113
246
42
37
44
217
311
158
35
225
117
245
116
209
29
162
286
73
74
184
85
105
118
258
126
241
86
254
255
35
212
200
210
109
142
290
127
238
24
217
8
125
126
100
210
198
47
46
46
264
180
32
166
17
191
46
213
51
251
116
294
179
274
52
49
224
49
278
101
208
204
200
310
157
257
123
289
131
7
163
4
115
110
207
17
121
257
158
172
256
119
214
136
271
45
265
109
216
226
99
125
254
81
90
241
98
110
240
129
17
174
290
144
23
36
215
0
9
113
211
302
126
262
139
273
151
298
207
16
14
230
21
123
227
46
248
106
254
31
237
127
261
122
44
223
113
113
274
122
265
137
285
276
47
227
159
4
204
31
249
52
236
58
249
111
250
120
246
122
255
47
230
152
25
27
210
122
248
103
204
304
205
71
166
160
308
216
114
254
154
37
177
31
104
245
110
230
30
153
25
28
202
208
212
31
160
22
126
80
187
282
183
38
35
222
49
248
117
293
117
241
95
85
300
207
302
190
304
126
310
1
165
0
104
121
76
257
120
260
90
239
127
299
119
134
275
110
263
78
305
300
141
284
116
135
280
183
182
279
125
247
124
225
32
239
30
210
112
295
188
303
201
33
237
238
83
246
109
101
116
288
83
192
18
126
232
48
234
25
33
209
28
226
13
136
310
217
41
127
276
283
122
132
8
175
163
152
14
7
165
3
110
272
197
260
34
22
204
67
61
233
117
245
127
270
52
126
223
41
221
39
228
311
229
68
299
77
82
87
0
2
162
311
157
23
142
8
103
210
213
121
220
294
292
181
189
36
42
264
157
313
14
136
2
112
212
122
228
15
139
0
158
155
27
207
207
103
269
118
102
266
129
247
117
235
51
32
239
103
241
314
156
93
238
66
201
17
63
234
27
22
215
47
12
143
192
23
189
28
212
123
266
39
210
213
25
151
267
91
27
202
207
40
46
274
168
17
194
47
213
118
134
268
35
50
274
161
27
49
249
40
242
103
34
241
122
244
243
104
207
31
256
42
46
245
43
154
24
152
288
189
42
278
124
266
259
126
227
10
134
145
283
141
5
18
205
104
252
78
182
85
70
84
191
291
115
264
51
226
100
12
144
269
45
242
85
17
171
278
280
159
27
47
229
44
241
52
231
51
238
36
24
147
156
34
210
110
240
108
256
122
223
217
6
131
121
302
212
115
2
142
286
76
255
130
130
299
184
13
173
175
78
247
114
104
252
119
268
114
272
56
265
50
272
182
18
172
263
137
17
180
302
136
297
195
3
125
251
32
215
31
198
18
125
307
218
29
226
38
208
27
32
229
95
260
38
222
47
272
285
212
32
243
106
208
18
228
8
122
225
14
13
137
141
142
166
58
56
274
127
264
150
252
126
238
44
30
247
108
138
2
215
117
239
98
90
314
157
168
266
35
44
255
132
272
138
245
107
217
49
222
117
248
70
280
135
157
59
282
134
256
118
247
106
121
264
37
193
41
155
29
213
214
37
130
8
221
123
239
33
258
118
115
126
300
301
151
312
87
259
48
220
3
99
295
149
63
245
101
266
54
274
45
58
199
45
260
266
129
238
235
29
189
44
130
241
243
47
247
128
237
28
180
161
30
166
177
73
61
233
242
47
225
298
119
225
215
74
160
153
312
1
135
276
63
78
291
83
63
235
28
141
16
138
311
155
1
101
98
205
303
135
275
125
297
124
243
240
34
173
172
39
181
200
301
124
257
34
253
106
245
130
264
261
118
260
129
269
187
15
151
147
10
133
296
127
254
115
77
260
140
306
204
34
208
112
290
128
271
271
133
3
150
49
56
244
45
238
127
260
96
204
303
158
270
274
51
267
40
35
183
43
221
222
35
257
130
259
79
295
197
5
164
272
174
27
190
302
147
133
304
202
301
304
41
179
35
263
120
284
178
297
226
113
273
182
188
296
305
138
283
135
266
128
114
126
269
134
284
170
289
116
247
50
215
276
125
89
185
34
168
268
268
53
249
113
214
118
307
211
37
162
273
272
184
38
207
308
150
32
54
270
135
218
46
220
31
34
239
232
59
35
270
126
115
282
58
231
42
218
50
288
178
286
287
115
291
81
214
39
270
144
146
285
283
139
48
263
179
48
246
103
312
148
297
121
288
190
204
63
284
186
47
212
121
219
41
224
48
203
7
135
135
130
293
299
135
257
92
196
10
100
243
111
148
22
197
288
129
239
61
231
39
31
222
30
206
107
120
269
144
308
226
15
208
109
213
217
113
212
113
283
62
66
213
31
178
181
285
169
24
171
273
157
29
45
227
54
59
195
295
296
184
34
147
227
34
257
255
132
264
125
264
37
178
36
266
109
205
30
31
32
154
165
4
108
216
311
218
106
91
246
40
236
29
207
62
233
114
21
190
35
187
45
247
70
180
283
164
6
148
17
229
73
99
106
215
114
113
258
106
203
104
159
25
198
90
200
44
244
132
278
121
273
280
181
262
125
277
181
86
299
138
279
294
125
257
113
278
278
128
2
156
312
131
134
254
112
263
250
118
259
125
221
117
256
79
54
234
56
250
112
108
238
80
173
273
55
193
7
17
226
44
230
15
142
254
67
85
97
236
240
235
39
256
114
279
138
255
120
132
310
81
166
7
311
306
290
114
272
53
53
226
53
243
55
236
243
102
205
24
20
25
215
42
197
60
80
190
182
18
39
208
104
249
120
136
246
130
292
51
61
278
54
241
84
173
74
111
267
125
140
25
233
25
217
9
171
20
189
89
70
233
37
224
54
226
150
251
121
255
46
216
225
34
213
181
286
117
249
105
244
61
277
53
231
46
225
124
299
293
116
126
228
100
207
35
32
214
48
277
169
181
167
160
310
160
28
233
57
282
145
261
37
47
263
166
263
135
152
19
204
32
198
204
33
166
3
54
231
228
127
310
218
0
276
55
223
39
237
79
39
214
42
235
44
232
6
225
48
117
301
219
37
215
104
88
42
187
286
115
230
17
209
108
249
41
175
293
123
262
82
68
166
2
129
120
296
144
25
236
78
209
21
198
26
32
202
33
256
120
271
110
246
234
60
280
59
247
115
242
38
209
42
220
299
125
14
143
247
60
82
295
277
116
251
130
21
176
8
130
147
8
127
262
120
238
88
77
254
123
97
242
131
263
126
230
67
52
43
190
160
161
157
32
235
36
28
238
30
209
34
192
182
267
93
200
48
259
123
104
268
120
252
120
258
160
155
154
14
12
141
48
244
49
7
222
122
277
208
108
122
238
38
215
21
12
179
88
233
51
277
170
33
163
273
196
277
167
149
4
107
248
109
236
69
236
83
91
224
12
228
117
285
70
284
122
259
128
149
9
134
134
257
39
218
35
204
111
257
121
304
212
223
24
173
17
170
18
148
32
218
121
4
225
12
5
224
42
221
223
42
51
242
109
281
125
298
123
106
245
38
31
247
239
31
205
210
40
193
88
3
223
39
262
133
60
242
102
31
224
43
230
123
113
238
55
225
39
157
45
224
126
253
123
249
36
220
40
32
176
38
225
50
49
313
163
130
253
129
78
240
98
84
263
132
258
125
250
33
159
180
25
38
233
24
168
262
121
260
114
5
7
145
1
163
171
270
51
237
71
277
176
157
117
103
203
32
252
62
246
139
4
165
26
148
147
308
91
304
149
15
203
215
37
223
284
62
236
71
280
63
74
179
279
170
159
314
213
313
125
106
91
196
199
32
145
308
143
272
128
273
120
114
236
101
125
269
135
253
44
185
154
307
74
234
39
189
305
81
236
29
210
113
291
180
181
38
48
275
65
156
13
168
2
240
122
218
125
302
90
246
70
256
121
274
95
239
29
204
98
4
223
118
245
93
246
249
244
42
38
229
57
201
204
305
141
244
112
285
186
167
166
160
5
135
244
106
237
75
260
128
19
141
1
154
142
126
239
103
92
202
15
133
112
286
114
222
40
182
175
76
300
150
310
139
12
203
34
161
30
203
17
211
30
183
169
19
231
126
265
148
274
112
250
107
115
239
122
273
43
188
249
112
278
131
133
126
282
112
209
28
39
201
305
152
20
198
45
227
125
228
45
213
310
142
313
101
282
140
289
141
251
127
9
176
18
175
270
136
263
81
171
155
305
151
252
124
16
11
178
277
129
122
32
219
125
304
85
298
186
31
220
45
239
119
247
46
40
224
48
262
136
305
211
106
128
251
33
214
211
69
53
31
174
259
120
220
41
244
99
269
94
224
41
20
184
44
245
99
144
310
212
38
180
57
243
116
210
68
79
239
66
286
140
275
111
257
109
206
102
239
36
203
302
303
137
151
314
155
309
212
71
235
66
228
11
134
267
127
292
115
182
36
53
222
214
42
242
42
39
185
28
236
46
37
209
94
129
256
128
264
126
239
125
71
231
233
45
36
240
81
257
250
114
120
248
112
237
113
101
238
101
206
26
233
53
84
307
144
153
140
314
152
135
256
249
106
126
129
6
220
50
25
49
270
112
282
190
47
270
117
281
57
248
108
217
51
249
61
284
174
166
16
153
24
144
289
71
259
129
94
34
223
87
189
85
111
244
116
292
17
22
174
33
182
174
210
211
111
239
109
264
57
268
96
110
277
135
3
190
197
27
219
42
149
310
310
124
289
73
34
178
14
246
116
123
256
159
281
59
253
121
115
261
117
128
312
146
14
169
162
62
254
132
304
310
114
246
107
109
145
21
17
138
13
96
221
109
270
151
155
310
306
146
79
233
226
54
229
49
205
107
141
266
48
101
87
263
83
314
101
214
19
195
307
4
218
118
216
28
167
54
230
58
229
54
240
231
44
222
51
67
246
88
143
20
146
266
132
295
194
189
191
26
163
19
196
294
200
32
43
187
161
16
132
120
213
222
50
277
60
253
49
266
53
54
45
221
61
237
29
240
82
242
106
262
123
264
122
140
20
183
303
148
134
306
150
295
144
74
257
119
290
124
224
46
232
301
208
219
115
253
57
49
220
35
271
172
19
146
254
119
257
77
297
126
261
33
232
127
257
129
121
222
3
162
27
150
40
191
177
12
226
32
228
51
30
188
33
185
302
80
96
238
76
288
70
211
313
127
263
134
156
22
200
271
112
297
194
82
87
187
274
125
291
195
80
259
117
249
121
244
58
54
219
5
130
17
212
39
242
32
213
36
223
45
243
242
84
244
100
237
47
221
226
126
314
164
260
134
262
47
184
190
208
111
255
115
246
56
230
305
124
224
39
225
50
242
36
208
60
272
110
191
21
146
20
186
283
136
16
17
51
55
110
267
101
135
297
302
150
61
234
85
111
252
73
87
100
111
183
17
167
267
47
228
43
73
282
186
262
263
42
227
52
22
29
214
51
271
278
127
125
273
97
202
298
126
248
123
109
193
203
28
155
143
306
303
130
103
101
116
289
117
252
120
297
185
37
222
83
261
127
140
305
121
242
33
208
32
185
83
268
258
137
262
87
87
294
146
144
305
130
273
103
105
203
95
114
288
115
129
263
136
11
174
180
26
149
162
312
104
240
35
26
232
231
18
13
199
297
191
16
231
128
4
164
178
282
135
301
131
270
282
124
127
309
203
302
137
93
202
12
122
314
216
34
238
43
223
46
241
108
252
65
167
174
21
212
48
269
53
231
222
52
230
241
111
269
139
11
18
50
251
71
181
278
111
217
48
219
7
307
133
279
61
168
154
28
224
53
224
40
205
61
102
313
156
304
2
217
42
234
23
212
104
247
125
289
190
290
285
118
273
123
131
266
276
56
238
115
252
66
176
15
136
308
157
282
113
253
108
134
245
112
221
38
44
248
45
21
201
98
201
47
241
99
220
124
249
246
238
113
121
248
115
113
286
129
0
96
205
65
171
11
6
232
68
264
131
118
256
248
30
179
23
158
268
82
237
122
15
169
172
34
259
123
263
162
28
238
33
218
37
208
215
122
128
107
239
35
216
38
40
229
126
275
55
257
252
127
245
104
240
27
216
117
114
264
86
87
79
303
128
115
254
258
33
184
194
291
79
88
263
141
14
181
196
87
129
296
198
211
66
234
22
230
238
103
120
66
246
44
56
283
60
45
222
36
38
170
22
136
273
276
48
25
149
150
224
45
188
50
207
296
196
97
200
180
34
262
124
285
183
167
10
124
246
101
241
92
198
17
6
132
271
141
270
111
253
43
182
195
42
219
40
229
219
122
106
206
302
127
251
244
112
219
124
260
111
275
265
131
2
25
29
28
214
313
160
276
125
142
9
310
148
30
217
204
103
226
39
101
239
76
259
46
235
114
244
126
248
93
81
180
299
314
104
115
281
114
240
30
26
179
297
297
122
268
56
267
121
266
125
117
251
150
13
14
127
293
290
125
228
52
219
48
278
64
47
214
119
216
210
15
138
244
86
239
243
257
53
64
257
254
63
160
3
167
171
30
236
111
211
116
220
49
39
224
13
116
233
23
160
24
175
29
54
268
172
191
42
240
243
117
220
314
150
30
175
10
256
107
254
121
248
52
25
232
23
214
120
285
115
294
142
306
287
138
275
123
222
39
209
35
192
42
182
28
72
232
57
69
206
309
100
202
277
131
128
35
237
27
54
277
140
31
245
43
218
306
151
132
19
194
22
202
17
113
281
279
169
8
115
127
269
117
275
167
35
230
50
248
60
282
128
267
292
128
7
171
285
114
211
40
221
123
236
84
240
236
61
240
41
225
116
246
255
154
26
205
199
65
244
129
252
68
51
269
55
279
135
10
121
254
124
307
139
14
182
181
42
212
80
107
265
257
46
242
112
111
268
130
252
76
187
300
130
2
310
306
189
181
282
291
89
220
1
132
35
211
122
218
49
204
188
36
124
270
110
312
155
163
258
119
285
194
25
212
36
53
229
50
192
40
245
94
240
106
124
255
134
278
112
252
154
35
163
77
292
124
240
28
124
141
21
15
173
14
142
18
174
253
116
236
123
263
32
168
110
258
78
235
122
249
144
264
107
212
34
134
137
256
125
119
23
10
8
167
141
288
113
100
211
34
24
191
172
26
138
135
133
295
122
246
134
243
121
250
46
193
57
245
106
242
114
257
112
223
33
213
114
113
255
125
247
141
276
174
14
136
86
197
192
194
37
229
224
9
141
131
269
35
229
109
269
119
260
120
283
144
304
135
266
169
75
239
126
255
133
122
216
212
117
244
140
270
119
253
122
255
69
272
49
12
147
14
137
12
10
132
9
313
161
57
66
233
44
260
33
168
80
256
60
170
11
10
117
125
257
110
211
219
226
14
166
285
61
167
69
86
98
226
