30
208
22
231
114
250
127
247
71
83
292
117
282
112
259
256
155
307
207
64
286
114
283
168
175
67
73
283
116
286
71
76
185
200
299
132
256
124
238
129
253
78
79
236
239
99
310
155
31
240
37
40
217
312
216
39
199
96
74
211
31
224
35
226
126
8
227
51
67
289
114
243
132
114
253
116
249
115
256
76
232
23
207
109
249
112
241
131
313
163
153
309
198
298
184
295
291
192
47
205
100
245
86
242
83
233
35
264
82
212
29
235
30
151
24
179
10
148
5
120
235
60
74
213
23
152
30
58
283
294
295
180
9
136
121
120
259
52
50
227
7
161
5
307
140
265
87
239
48
228
44
50
217
120
212
63
285
121
252
70
230
59
281
183
27
238
88
306
137
18
151
28
152
310
145
309
210
98
262
115
247
120
293
186
44
249
114
107
215
35
236
101
88
241
36
154
311
106
204
68
287
114
5
223
125
278
139
10
228
57
243
55
274
37
180
71
175
10
169
15
135
10
227
49
261
114
217
314
313
155
311
161
26
173
181
295
178
272
111
271
162
79
290
75
251
78
288
115
293
122
262
146
25
197
47
188
37
212
122
272
130
6
162
173
27
233
229
56
232
112
271
174
182
11
143
304
80
260
94
267
143
9
139
244
43
191
44
36
184
87
78
241
97
201
69
228
19
184
282
166
9
144
34
154
147
20
150
29
159
34
231
55
272
36
44
225
41
235
125
261
44
220
228
34
256
46
233
42
216
40
233
75
283
180
76
254
116
273
51
232
62
169
265
124
245
134
262
82
218
36
238
231
49
54
276
49
201
62
50
269
115
299
124
248
125
266
123
270
121
251
120
215
20
156
309
123
258
111
272
52
250
115
259
124
310
210
40
156
24
213
39
180
41
38
172
280
129
262
47
53
269
171
8
115
7
124
236
23
233
67
234
117
216
119
248
114
227
47
193
306
138
126
224
55
233
65
276
128
133
280
116
251
110
215
112
299
151
29
238
40
214
33
261
257
117
219
123
113
282
186
285
116
116
274
113
213
116
284
189
82
261
115
214
114
300
129
142
280
111
276
53
219
36
228
33
222
223
47
234
69
232
58
170
23
235
91
243
112
247
124
253
74
304
304
123
277
167
15
141
288
80
236
66
173
34
238
31
216
50
219
7
225
11
123
248
111
125
231
53
49
230
42
58
253
131
255
119
214
100
203
22
149
309
95
306
307
93
270
270
137
282
63
251
127
280
54
241
83
235
72
285
185
35
256
116
281
112
196
21
144
309
124
244
107
208
33
181
296
147
249
245
89
79
189
289
113
276
112
120
241
42
236
122
250
117
290
113
268
133
128
3
7
128
300
119
251
30
47
246
243
106
211
38
177
294
185
298
119
253
130
243
237
76
236
24
21
141
307
296
197
84
240
125
230
64
284
112
253
128
274
111
220
37
261
163
2
223
91
269
48
222
44
275
166
32
227
124
270
118
302
199
197
57
229
42
195
20
190
205
33
160
25
148
298
86
220
123
242
129
5
167
275
63
211
36
23
150
137
133
12
168
171
288
115
289
72
57
244
116
258
126
225
33
178
23
203
104
246
244
115
283
283
178
290
192
86
240
85
242
113
118
290
114
98
227
53
230
111
206
21
194
26
152
250
261
89
196
295
176
76
234
75
85
92
108
214
36
166
15
231
33
249
125
128
258
93
82
193
292
71
288
74
258
117
246
46
26
150
40
223
38
217
106
127
253
120
245
48
197
95
199
298
74
180
72
252
113
246
111
218
39
217
24
158
35
251
105
245
111
209
29
174
286
169
77
261
119
263
118
262
129
241
32
32
255
33
263
122
210
300
127
290
128
238
24
180
293
125
270
120
86
195
47
202
292
179
164
32
205
17
191
46
275
110
275
116
287
177
274
52
49
224
44
211
101
208
91
314
310
157
257
89
267
131
3
163
4
127
99
202
211
121
257
73
90
256
119
264
136
271
45
246
31
53
226
226
125
256
81
232
241
106
110
240
29
17
174
13
144
23
36
215
0
101
113
209
77
126
263
121
273
151
308
146
148
14
230
21
16
227
46
248
106
254
31
237
95
261
122
221
6
113
285
291
122
265
137
121
261
47
53
159
4
166
64
236
125
224
96
249
111
250
120
246
122
255
47
36
222
43
27
210
69
248
103
204
304
205
71
166
160
308
156
156
254
33
34
185
82
119
245
110
207
22
155
25
28
201
212
212
31
160
273
44
236
74
282
183
180
35
222
49
248
117
301
134
241
127
121
300
136
302
190
304
87
91
1
165
280
105
248
51
275
120
260
125
239
128
124
261
112
252
110
250
126
85
300
141
284
281
114
280
183
180
279
125
247
124
225
49
239
30
210
112
266
117
300
201
33
237
238
112
255
69
273
112
288
288
192
292
125
232
48
234
227
33
240
33
226
13
228
52
217
41
179
268
117
280
132
8
166
149
152
14
7
165
3
106
246
127
260
34
169
16
179
77
233
117
245
116
215
50
227
223
41
221
39
228
99
94
199
299
86
241
98
0
2
162
311
147
23
142
270
103
210
213
121
220
38
40
181
189
36
267
264
84
179
14
136
283
112
212
40
228
16
124
0
158
155
27
35
207
97
97
92
124
273
89
247
117
261
51
58
247
104
102
314
156
29
238
102
201
100
63
234
27
198
188
19
12
143
310
89
77
300
125
264
34
39
210
36
156
151
163
34
27
202
301
198
94
77
168
17
232
47
213
118
272
127
258
50
158
110
272
49
227
40
242
103
109
241
128
108
243
104
207
31
43
221
46
245
47
218
24
147
288
189
46
278
49
266
111
126
223
10
13
149
17
141
19
205
205
104
252
78
308
85
71
284
191
291
115
264
51
226
101
268
126
247
246
255
79
70
171
278
132
108
257
47
229
48
241
52
231
51
216
36
132
131
254
34
210
110
265
126
256
122
225
4
10
131
121
302
212
115
213
31
166
67
255
123
115
303
153
13
173
65
72
247
114
127
252
123
284
114
6
128
265
50
272
182
18
172
22
137
296
180
298
136
297
200
64
125
251
32
215
31
202
58
168
5
218
125
226
38
208
21
32
229
33
213
38
179
296
183
33
212
32
213
308
208
18
228
8
97
225
14
13
137
284
275
163
58
56
242
126
299
122
252
147
26
237
30
247
108
222
38
215
41
266
92
91
309
147
167
261
35
44
265
132
272
138
245
107
217
49
215
117
213
70
256
114
232
59
282
65
256
118
247
109
121
264
37
239
35
179
36
213
312
312
130
8
221
48
233
33
258
114
254
126
300
301
86
312
87
264
48
220
311
131
132
255
117
243
122
266
46
52
227
48
199
45
260
117
101
238
235
42
189
81
130
241
129
119
247
128
237
28
181
188
287
206
63
202
61
233
242
47
225
54
232
39
215
74
254
153
312
0
161
276
176
78
298
146
24
235
28
232
16
156
311
157
1
100
102
205
303
135
268
125
295
124
4
104
239
34
172
13
182
194
294
124
257
33
253
106
245
130
264
135
118
244
129
272
180
14
151
149
10
133
243
127
256
131
129
260
120
301
204
34
208
112
254
122
113
271
121
260
50
271
56
244
45
234
127
1
106
204
303
158
272
274
51
268
40
35
183
43
226
221
35
257
130
242
119
295
197
5
164
274
120
294
118
267
121
133
304
201
301
150
249
146
35
263
120
254
158
39
226
52
279
182
294
200
281
138
283
123
243
128
249
120
269
134
13
159
268
116
247
111
215
24
211
28
185
202
28
154
268
53
232
113
214
118
217
36
37
45
273
270
49
38
207
305
150
32
177
270
57
273
46
184
31
34
258
53
228
37
270
52
61
282
57
231
16
174
292
194
185
286
120
115
291
81
240
46
270
136
284
139
267
126
125
263
120
124
246
103
312
152
297
121
288
188
163
63
284
186
35
212
121
263
49
224
48
203
31
176
74
130
293
81
71
257
44
189
202
100
243
111
148
22
185
299
87
243
40
29
234
31
222
39
206
107
129
269
144
142
306
71
208
109
115
217
108
251
113
283
284
66
53
194
178
69
68
288
173
175
273
54
267
123
227
54
59
195
295
182
39
37
252
254
128
257
123
132
264
125
242
34
178
36
266
109
213
30
235
25
154
165
4
108
216
41
218
311
123
246
40
236
28
169
18
233
116
282
186
41
219
45
247
64
278
165
164
6
138
18
229
73
259
33
252
114
121
258
115
276
104
204
29
198
90
127
263
270
132
241
58
278
280
112
262
125
277
180
80
299
138
279
115
125
257
113
130
240
98
2
156
313
4
134
254
130
129
250
118
254
125
221
125
256
32
24
234
56
250
254
32
238
80
173
270
35
24
202
98
226
44
227
15
142
14
135
4
97
236
27
236
34
218
87
266
138
255
120
134
303
120
100
213
311
306
208
114
245
248
50
226
41
183
37
241
243
102
205
20
206
25
215
42
197
60
203
188
41
46
219
108
104
249
119
118
246
59
70
176
30
236
54
221
85
173
273
111
267
120
284
62
233
25
170
17
171
20
189
289
70
233
37
224
51
276
100
269
121
255
44
45
225
34
207
191
286
117
255
105
244
101
277
111
231
46
225
125
117
293
116
126
228
100
207
217
32
260
48
57
168
6
167
158
310
160
28
233
57
269
174
27
235
47
59
166
263
135
13
19
210
210
28
220
33
231
70
54
231
228
127
310
218
48
195
55
223
39
237
239
75
214
43
235
44
232
123
225
48
223
51
219
37
215
222
42
47
187
286
68
229
17
209
108
249
126
262
265
123
288
130
1
166
2
129
123
296
144
25
231
78
187
21
192
26
205
202
33
256
112
271
110
118
234
60
280
59
229
51
242
89
192
42
188
299
125
14
143
247
60
284
115
234
116
212
38
33
176
77
258
118
248
127
262
120
238
25
132
254
123
112
242
131
265
55
230
48
30
237
32
175
23
159
26
235
36
183
191
33
217
34
237
52
267
93
200
48
249
118
271
268
109
252
120
258
160
21
154
312
12
141
132
4
170
7
222
124
76
208
103
121
238
38
213
224
42
179
73
233
127
277
170
33
163
273
58
281
168
161
4
106
250
109
267
47
275
50
222
224
12
228
113
285
64
237
125
259
128
142
9
134
134
257
39
218
35
204
111
257
122
304
85
185
288
176
11
170
16
230
32
236
121
7
220
30
50
224
52
221
223
42
48
214
109
253
125
298
123
224
223
44
245
82
239
31
200
33
33
193
293
195
303
124
256
133
132
242
102
111
224
43
230
108
248
240
32
225
39
243
45
224
126
253
123
249
36
220
40
215
45
38
225
50
216
313
163
31
253
107
78
240
79
87
263
132
258
125
250
33
186
180
36
41
233
24
133
262
121
260
125
11
138
139
1
163
55
270
51
237
54
281
65
283
117
103
206
35
252
62
280
139
135
149
20
148
152
308
154
304
150
17
203
214
37
223
49
62
236
71
280
63
286
179
279
170
159
314
213
313
125
265
91
196
28
27
153
307
123
262
128
273
112
114
237
243
125
269
103
243
44
185
48
251
74
234
39
189
305
82
236
29
210
113
287
189
181
38
37
235
65
122
267
100
111
216
122
248
92
245
90
246
121
256
121
274
118
239
27
204
98
89
219
118
245
126
246
48
244
42
38
242
121
108
204
305
125
244
112
285
187
40
147
160
5
135
244
41
237
116
260
128
314
160
1
159
312
126
241
103
92
199
15
124
112
286
114
222
40
182
278
181
300
150
310
138
12
135
34
220
30
175
79
211
30
165
8
19
229
126
251
131
274
112
250
107
100
239
122
273
110
111
279
112
278
131
257
69
282
112
209
41
210
73
305
152
20
203
99
227
125
228
45
192
10
142
267
108
265
115
290
123
251
150
306
152
18
168
3
136
306
84
92
78
305
149
252
124
229
12
178
277
278
122
219
219
125
220
85
69
206
31
220
45
239
119
247
47
55
226
48
262
136
244
127
266
128
261
123
214
39
220
53
263
124
264
120
220
47
194
46
199
89
224
41
190
184
44
240
34
214
26
210
38
198
85
243
116
232
68
254
60
66
286
69
278
111
256
108
206
102
239
39
203
302
155
153
151
314
155
309
212
71
278
54
228
11
134
267
124
292
115
254
65
53
222
214
42
242
42
183
185
45
190
46
37
209
33
45
256
128
264
127
239
127
231
39
233
45
241
244
37
243
120
257
120
248
112
265
34
101
206
33
215
26
233
54
196
307
144
20
164
314
152
135
256
249
106
256
129
6
220
50
245
113
270
115
287
190
44
193
182
281
57
242
45
217
51
249
113
284
67
206
16
153
24
161
170
72
259
129
253
34
219
87
244
110
246
244
116
292
188
22
174
33
182
32
210
211
33
239
36
264
123
268
120
110
270
135
3
154
29
215
219
42
227
14
138
124
289
112
252
117
115
246
116
123
256
119
268
59
253
121
261
111
117
217
81
146
14
169
282
62
253
132
302
130
241
246
107
282
66
166
17
138
303
91
221
32
156
151
22
144
306
94
247
123
226
54
229
49
205
107
124
266
48
198
91
263
96
201
101
243
50
218
307
210
111
118
216
27
199
54
230
35
229
127
240
231
50
221
51
67
246
88
202
39
48
276
132
295
199
47
273
165
74
88
197
294
285
185
46
32
161
1
216
120
213
223
50
228
60
253
125
266
91
193
45
218
42
237
29
240
82
242
105
5
123
264
122
140
20
183
303
148
158
306
145
295
300
74
257
118
265
124
258
46
232
42
213
122
115
253
246
49
220
35
28
172
63
47
254
119
257
77
231
126
261
34
257
127
261
129
313
222
3
162
313
150
168
34
177
12
226
32
228
51
67
235
33
185
302
208
75
238
76
288
70
211
102
85
263
123
136
22
200
211
112
298
121
245
42
187
302
125
291
190
91
259
117
249
121
244
58
231
225
5
130
109
212
39
242
97
205
36
223
45
60
243
84
313
100
237
45
47
226
126
314
162
260
84
187
43
231
41
208
111
255
115
246
56
230
123
223
224
39
225
95
242
133
274
60
272
112
213
21
146
20
186
283
140
16
17
152
269
110
267
125
91
201
302
120
61
234
242
111
252
73
172
24
12
183
17
167
155
47
228
237
73
282
140
138
265
37
227
43
185
78
214
51
54
265
98
110
273
48
202
298
126
248
123
213
202
203
28
155
143
306
303
121
103
240
123
289
117
256
120
300
187
37
222
83
261
253
122
305
121
226
33
234
32
185
304
83
258
137
262
87
191
294
146
23
145
132
251
122
105
203
103
114
288
113
129
263
136
12
172
180
26
149
162
312
104
240
234
26
238
127
230
13
146
297
176
16
151
158
4
164
182
282
135
301
131
270
117
281
136
131
302
302
307
208
39
241
122
114
216
34
181
43
223
37
213
108
252
65
279
174
290
191
48
223
53
52
222
37
230
52
50
247
146
11
224
42
251
71
57
278
111
217
48
219
38
258
133
279
61
207
32
43
225
53
224
27
205
212
93
313
309
159
2
217
42
234
23
212
104
241
125
289
191
188
285
118
273
123
108
266
51
218
116
115
252
66
176
15
136
304
157
282
113
253
119
246
109
111
221
49
44
248
143
21
199
98
270
47
247
114
220
124
249
125
238
99
116
248
115
113
265
129
240
105
206
66
171
11
6
127
298
129
255
118
113
248
30
179
23
173
291
113
254
122
259
118
223
34
259
123
260
118
115
238
33
218
37
208
215
122
247
107
239
35
216
38
227
229
55
275
112
116
252
60
245
248
252
107
210
212
114
264
86
197
85
312
98
263
109
211
217
43
194
291
176
88
263
165
14
181
196
87
129
296
75
285
66
234
22
230
238
103
202
96
246
44
192
40
189
45
221
221
38
171
22
145
141
152
29
153
144
295
188
45
198
58
199
297
196
97
200
205
34
262
124
293
183
167
10
124
254
133
241
101
312
160
6
144
292
141
270
111
213
43
182
27
49
219
40
224
33
210
106
206
302
127
249
122
112
219
124
251
111
275
125
114
9
132
252
41
214
313
160
276
125
308
142
7
154
169
36
204
33
173
39
29
239
32
259
46
235
114
244
126
237
243
81
180
299
127
124
282
281
111
240
30
26
182
297
296
122
268
114
267
130
275
129
117
251
150
21
145
283
116
290
125
225
52
219
114
271
48
47
214
25
216
225
15
138
244
123
239
79
257
123
258
257
51
47
224
3
167
171
83
236
111
211
116
220
49
226
7
132
116
233
23
208
28
197
29
54
275
172
185
42
245
125
224
220
51
218
30
162
72
256
107
254
117
248
52
25
232
24
231
62
285
115
292
142
5
133
132
275
123
222
34
209
35
228
42
263
83
72
232
33
41
206
309
101
202
299
137
272
113
237
27
148
8
140
25
218
43
153
306
151
150
19
147
22
202
94
113
281
67
162
8
7
113
269
111
264
89
67
230
50
277
60
74
169
267
95
308
209
106
251
114
211
40
221
123
297
128
240
117
102
240
41
225
116
246
255
157
26
32
199
91
244
114
283
68
255
48
55
279
135
254
121
250
124
307
139
13
180
38
34
212
22
143
268
34
46
263
112
277
133
130
252
76
187
295
130
144
310
306
206
181
282
134
125
220
41
213
35
211
122
218
49
204
209
36
44
270
146
312
155
138
258
119
286
145
24
212
36
44
229
50
264
40
245
94
240
131
124
255
61
283
112
249
121
296
177
77
237
38
240
83
0
141
21
15
173
20
142
170
61
253
116
250
123
238
42
212
110
258
78
235
122
249
49
264
47
212
114
260
137
256
134
278
136
10
8
167
34
267
112
291
184
34
271
109
264
188
23
148
133
295
122
244
134
259
121
228
46
193
57
223
106
242
114
257
112
223
33
266
286
113
255
125
246
114
276
174
14
175
18
200
93
194
37
229
21
11
141
131
269
34
229
109
269
119
212
76
283
144
304
135
266
96
237
239
126
255
133
122
245
109
92
244
108
270
119
252
125
288
124
285
171
12
147
16
137
12
11
132
148
313
161
55
68
233
44
247
48
235
80
256
78
170
10
229
229
125
257
110
211
40
226
14
145
285
61
167
265
267
48
187
